0 0.178662109375 0.4667838541666667 0.016826171875000018 0.016171874999999947
0 0.224541015625 0.46453125 0.00565429687500002 0.005729166666666637
0 0.274033203125 0.40515625000000005 0.004296874999999978 0.008138020833333334
0 0.39845703125 0.5574869791666667 0.018984375000000053 0.021692708333333293
0 0.4367578125 0.5246354166666667 0.004296874999999978 0.008437500000000023
0 0.81388671875 0.6550390625 0.09879882812500007 0.021549479166666607
0 0.893994140625 0.6545572916666667 0.042031249999999964 0.023476562499999964
0 0.8275390625 0.6995833333333333 0.14909179687500007 0.05316406249999991
0 0.662998046875 0.6193489583333334 0.01832031249999999 0.0737630208333333
0 0.63759765625 0.6202604166666666 0.025937499999999947 0.01601562499999994
0 0.64646484375 0.6031510416666667 0.014746093749999911 0.0058203125000000355
0 0.5769140625 0.5663151041666666 0.010781249999999964 0.011276041666666625
0 0.55818359375 0.5701041666666666 0.017929687499999902 0.010690104166666714
0 0.56458984375 0.5876953125000001 0.03192382812500005 0.02253906249999993
0 0.5898828125 0.5780729166666666 0.00699218750000008 0.02001302083333334
0 0.543896484375 0.5590364583333333 0.010058593749999956 0.007578125000000065
0 0.496962890625 0.5594140625 0.012099609375000042 0.007968750000000005
