0 0.12283203125 0.21502604166666664 0.01058593749999999 0.037877604166666634
0 0.196083984375 0.426328125 0.010029296874999982 0.011888020833333327
0 0.548466796875 0.6140755208333334 0.029716796875000062 0.040703124999999986
0 0.6194921875 0.5901953125 0.01954101562499999 0.010312499999999947
0 0.5059375 0.5953515625 0.006513671875000071 0.03147135416666661
0 0.523232421875 0.5972395833333334 0.007734375000000071 0.026588541666666615
0 0.453837890625 0.5828645833333334 0.02442382812499999 0.017369791666666707
0 0.446708984375 0.5684765625 0.014248046875000031 0.009231770833333375
0 0.46279296875 0.5654947916666667 0.00651367187499996 0.00868489583333328
0 0.1876171875 0.27389322916666664 0.0078125 0.015052083333333336
0 0.1934765625 0.36654947916666664 0.008251953124999989 0.011575520833333316
0 0.106181640625 0.20006510416666667 0.011728515624999991 0.03880208333333335
