0 0.0078515625 0.25040364583333335 0.00876953125 0.012526041666666673
0 0.00916015625 0.13470052083333334 0.008417968750000001 0.027734375000000016
0 0.1951171875 0.5830338541666666 0.05942382812500002 0.06867187500000001
0 0.24810546875 0.586328125 0.030703125000000026 0.011888020833333327
0 0.829482421875 0.5539713541666667 0.01683593750000001 0.015846354166666615
0 0.92802734375 0.5572786458333333 0.01089843750000008 0.013203124999999982
0 0.8413671875 0.6193489583333334 0.03961914062499994 0.015846354166666615
0 0.744306640625 0.603828125 0.011884765625000071 0.03367187500000002
0 0.545224609375 0.6117578124999999 0.025751953124999893 0.020468750000000036
0 0.5425 0.5896354166666666 0.02822265625000009 0.015846354166666615
0 0.415634765625 0.5792057291666667 0.01692382812500004 0.007760416666666714
0 0.412861328125 0.5702213541666666 0.010839843750000022 0.006692708333333315
0 0.422900390625 0.5693359375 0.005556640625000053 0.007044270833333292
0 0.432822265625 0.5804427083333333 0.014804687499999969 0.009518229166666595
0 0.444853515625 0.5783203124999999 0.007138671874999947 0.007408854166666738
0 0.453974609375 0.582734375 0.00740234375000004 0.007760416666666714
0 0.5292578125 0.5451432291666667 0.006123046874999982 0.009713541666666714
0 0.595869140625 0.5449479166666666 0.005244140624999893 0.008554687500000066
