0 0.03 0.2809375 0.008574218750000001 0.01459635416666664
0 0.030712890625 0.1688802083333333 0.009042968749999998 0.025390625
0 0.258642578125 0.5900911458333333 0.04148437500000002 0.04796875000000004
0 0.8999609375 0.5409635416666666 0.03582031250000006 0.032539062500000014
0 0.9666796875 0.7226692708333333 0.04879882812500003 0.03183593750000006
0 0.52693359375 0.597734375 0.023994140624999938 0.01513020833333334
0 0.5308203125 0.6158854166666666 0.020751953125 0.016002604166666618
0 0.421474609375 0.5943229166666667 0.014121093750000036 0.008815104166666643
0 0.423408203125 0.5835416666666667 0.010703125000000036 0.006080729166666614
0 0.437197265625 0.5929557291666666 0.011386718749999969 0.00850260416666663
0 0.43412109375 0.5833854166666667 0.0052441406250000044 0.005169270833333369
0 0.44984375 0.5909765625 0.0052441406250000044 0.006380208333333304
0 0.455654296875 0.5946223958333333 0.010478515625000018 0.005768229166666601
