0 0.0366015625 0.5823958333333333 0.073193359375 0.05151041666666659
0 0.045263671875 0.16819010416666666 0.009101562500000007 0.023567708333333343
0 0.761650390625 0.5302604166666667 0.023564453125000107 0.022135416666666668
0 0.961171875 0.530625 0.02196289062500001 0.024283854166666636
0 0.80798828125 0.6434635416666666 0.039101562499999964 0.020000000000000018
0 0.288544921875 0.5755989583333333 0.04052734375 0.04375000000000003
0 0.524716796875 0.5980859374999999 0.018818359374999982 0.011731770833333321
0 0.523125 0.5827734375 0.020048828124999973 0.014986979166666655
0 0.455654296875 0.5814583333333333 0.012499999999999956 0.009765625
0 0.43029296875 0.5819401041666666 0.01822265624999997 0.011666666666666714
0 0.4432421875 0.5789583333333334 0.00553710937499996 0.0061979166666666545
0 0.442705078125 0.5705078124999999 0.005175781249999956 0.006432291666666738
0 0.4226953125 0.5709765625 0.004462890625000049 0.006432291666666738
0 0.433056640625 0.5719270833333333 0.009824218749999947 0.007382812499999947
0 0.65373046875 0.5357421875 0.010468750000000027 0.020937500000000053
