0 0.144775390625 0.5864192708333333 0.06434570312499999 0.07337239583333337
0 0.21228515625 0.5917838541666667 0.04106445312500001 0.016367187500000064
0 0.871474609375 0.5551041666666666 0.020722656250000027 0.015677083333333286
0 0.98251953125 0.5590234374999999 0.012685546875000009 0.01691406250000001
0 0.885390625 0.6563541666666667 0.07268554687500006 0.03752604166666673
0 0.88400390625 0.6274869791666667 0.04763671874999997 0.012786458333333398
0 0.77048828125 0.6037630208333333 0.01669921874999991 0.052786458333333286
0 0.695478515625 0.5262369791666667 0.009589843749999938 0.01815104166666674
0 0.559794921875 0.5952083333333333 0.03459960937500006 0.01677083333333333
0 0.561796875 0.6209375 0.03517578124999998 0.022499999999999964
0 0.545029296875 0.5436848958333333 0.007226562500000089 0.010299479166666625
0 0.51048828125 0.5806250000000001 0.00821289062500008 0.0071484375000000116
0 0.4837890625 0.573359375 0.0041113281250000355 0.020716145833333293
0 0.45154296875 0.5800260416666666 0.021435546875000044 0.011197916666666696
0 0.412626953125 0.5703515625 0.009775390624999991 0.0054687500000000595
0 0.4123828125 0.5801692708333334 0.010498046875 0.00868489583333328
0 0.42341796875 0.5680208333333333 0.005312500000000053 0.007239583333333262
0 0.435009765625 0.5794401041666667 0.009658203124999987 0.010130208333333298
0 0.42185546875 0.5795312499999999 0.008447265624999978 0.010624999999999959
0 0.797021484375 0.6424869791666666 0.015126953125000009 0.008281250000000018
