0 0.036171875 0.6272526041666667 0.0146484375 0.010377604166666702
0 0.091005859375 0.4337369791666667 0.010498046875 0.01640625000000003
0 0.110185546875 0.4303515625 0.011220703125000009 0.027018229166666668
0 0.245439453125 0.3647786458333333 0.008349609375000011 0.00947916666666663
0 0.245 0.28872395833333336 0.007148437499999993 0.014296875000000023
0 0.344755859375 0.24819010416666668 0.004833984375000044 0.019322916666666634
0 0.24844726562499997 0.44472656250000003 0.02782226562499998 0.014687499999999964
0 0.191650390625 0.43184895833333337 0.005019531249999987 0.0059244791666666075
0 0.356162109375 0.34489583333333335 0.005078125000000044 0.0059244791666666075
0 0.36775390625 0.5461328125 0.02667968750000005 0.033242187499999964
0 0.521572265625 0.603125 0.009902343750000098 0.008802083333333321
0 0.5566796875 0.5425130208333333 0.014531250000000107 0.008515624999999952
0 0.577919921875 0.5552864583333333 0.022236328124999982 0.011744791666666643
0 0.6024609375 0.5497005208333333 0.014970703124999929 0.015260416666666702
0 0.58705078125 0.5726041666666667 0.04226562499999997 0.011744791666666643
0 0.5879296875 0.5962239583333333 0.04138671875000011 0.026705729166666654
0 0.74314453125 0.6408203124999999 0.06868164062499993 0.019010416666666696
0 0.7309765625 0.6819401041666667 0.08173828125000004 0.05701822916666662
0 0.88564453125 0.5881901041666667 0.022001953124999973 0.11691406249999996
0 0.9494140625 0.6249739583333334 0.025185546874999964 0.07227864583333332
0 0.4439453125 0.5029817708333334 0.008652343750000013 0.009140624999999977
0 0.4178125 0.4847916666666667 0.006699218750000013 0.01240885416666663
0 0.3969921875 0.31082031250000003 0.003505859375000031 0.009791666666666643
0 0.3969140625 0.37390625000000005 0.004306640624999969 0.013398437499999952
0 0.374013671875 0.3885807291666667 0.0031933593749999822 0.00957031250000003
