0 0.0726171875 0.6485416666666667 0.024287109375000004 0.029843749999999947
0 0.17046875 0.5799739583333333 0.016191406249999984 0.024765624999999975
0 0.251416015625 0.7218619791666666 0.15523437500000004 0.1688802083333334
0 0.556640625 0.6866276041666667 0.12189453124999994 0.14031249999999998
0 0.469970703125 0.8758203125 0.20760742187499998 0.05397135416666673
0 0.45759765625 0.7450390625000001 0.235224609375 0.07936197916666672
0 0.859853515625 0.6609505208333334 0.03345703124999999 0.07720052083333329
0 0.93640625 0.6881770833333333 0.11000976562500009 0.022734375000000046
0 0.8469140625 0.5028385416666666 0.010996093749999991 0.015768229166666686
0 0.99265625 0.5987109375 0.0038476562500000533 0.016861979166666725
0 0.889541015625 0.5589322916666667 0.005498046875000107 0.008437500000000023
0 0.626943359375 0.5157942708333333 0.00594726562499992 0.011640625000000071
0 0.64236328125 0.5108463541666667 0.012626953125000062 0.011145833333333263
0 0.693359375 0.5201302083333333 0.008730468750000053 0.010898437500000005
0 0.715 0.6437239583333333 0.006318359375000027 0.007929687500000041
0 0.71564453125 0.6595833333333333 0.005019531250000098 0.0064453125000000595
0 0.353125 0.9630078125 0.07491210937500004 0.06999999999999999
0 0.01986328125 0.6376432291666666 0.008242187499999998 0.007656249999999994
