0 0.945576171875 0.22282552083333332 0.011328124999999911 0.02128906250000003
0 0.9612890625 0.22420572916666667 0.011845703125000107 0.024036458333333306
0 0.95021484375 0.1805989583333333 0.007207031250000107 0.012356770833333345
0 0.96 0.17510416666666664 0.01236328125000008 0.019231770833333328
0 0.829443359375 0.5246354166666667 0.010810546874999938 0.015104166666666696
0 0.480791015625 0.8530598958333333 0.04180664062500006 0.14895833333333344
0 0.566796875 0.7274088541666667 0.095947265625 0.07675781250000006
0 0.843349609375 0.7150651041666666 0.0335839843750001 0.05026041666666655
0 0.40470703125 0.5871354166666667 0.034951171874999964 0.030156249999999957
0 0.26890625 0.654453125 0.05075195312500003 0.03384114583333334
0 0.310693359375 0.6618750000000001 0.01383789062499996 0.015638020833333394
0 0.2893359375 0.5933072916666667 0.007822265624999991 0.012434895833333274
0 0.3013671875 0.5923046875 0.007822265624999991 0.012031250000000012
0 0.267529296875 0.7204296874999999 0.010527343749999973 0.01162760416666675
0 0.285126953125 0.7168229166666666 0.016845703125 0.02285156249999994
0 0.28572265625 0.68734375 0.021054687499999947 0.023255208333333204
0 0.5868359375 0.9303515625 0.0672753906250001 0.040078124999999964
0 0.48736328125 0.7075390625 0.09017578125000003 0.12691406250000004
