0 0.331455078125 0.607421875 0.016640624999999964 0.014479166666666673
0 0.470439453125 0.6044921875 0.02417968749999999 0.02410156249999999
0 0.49970703124999993 0.5689322916666667 0.006777343749999998 0.009036458333333405
0 0.5053515625 0.6323697916666667 0.01989257812499995 0.012955729166666726
0 0.5190234375 0.6078125 0.027802734375000027 0.035559895833333265
0 0.636552734375 0.639296875 0.04859374999999999 0.021992187499999982
0 0.628984375 0.6007291666666666 0.007685546874999893 0.008138020833333334
0 0.68796875 0.5999739583333333 0.007685546874999893 0.009036458333333405
0 0.6868359375 0.6394531250000001 0.014462890624999947 0.019283854166666597
0 0.70423828125 0.5986197916666667 0.00723632812500008 0.008736979166666714
0 0.7965625 0.6058463541666667 0.020566406249999947 0.013554687499999959
0 0.883779296875 0.6108203125 0.01611328125 0.023697916666666725
0 0.863994140625 0.6090885416666666 0.009716796875000044 0.018320312500000064
0 0.840771484375 0.6013541666666666 0.007822265624999991 0.014218749999999947
0 0.72185546875 0.37765625 0.007441406249999893 0.012929687499999934
0 0.73068359375 0.37856770833333336 0.007792968750000018 0.014309895833333345
0 0.728779296875 0.349609375 0.011601562500000107 0.011315104166666737
0 0.909267578125 0.47713541666666665 0.005537109375000071 0.01200520833333337
0 0.963369140625 0.5138411458333333 0.00537109375 0.010156249999999941
0 0.93861328125 0.4959505208333333 0.004326171875000062 0.008541666666666595
0 0.9523828125 0.49561197916666666 0.004150390625 0.006927083333333399
0 0.935673828125 0.4662890625 0.005019531250000098 0.006458333333333381
0 0.951767578125 0.4240494791666667 0.0046777343749999645 0.009700520833333393
0 0.902080078125 0.4040755208333333 0.0036328125000000266 0.0048437500000000355
0 0.77921875 0.5631119791666667 0.008515625000000027 0.010950520833333291
0 0.429697265625 0.6076432291666667 0.006738281249999978 0.008046874999999934
0 0.53806640625 0.5586979166666667 0.0053320312500000355 0.005989583333333363
0 0.546767578125 0.556640625 0.006455078124999902 0.009361979166666737
0 0.57462890625 0.5616015625 0.006318359375000027 0.006927083333333399
0 0.659345703125 0.607265625 0.027236328125000098 0.016653645833333286
0 0.8176953125 0.5768619791666666 0.005683593749999938 0.014179687499999982
0 0.960380859375 0.3731901041666667 0.004121093750000027 0.010989583333333405
0 0.93302734375 0.35511718750000004 0.005869140624999991 0.013151041666666696
0 0.811318359375 0.40799479166666663 0.003251953124999929 0.008997395833333291
0 0.827373046875 0.40848958333333335 0.004619140625000018 0.00966145833333328
0 0.82724609375 0.4229817708333334 0.004873046875000009 0.006666666666666672
0 0.872216796875 0.47653645833333336 0.003974609374999938 0.009999999999999934
0 0.887216796875 0.3838020833333333 0.009267578125000009 0.011966145833333405
