0 0.09859375000000001 0.8112239583333333 0.06670898437500002 0.1329296874999999
0 0.289912109375 0.8351692708333333 0.06670898437499995 0.030299479166666643
0 0.349287109375 0.6768359374999999 0.053515624999999956 0.053749999999999964
0 0.581064453125 0.65 0.0706738281249999 0.06102864583333334
0 0.655517578125 0.6586067708333333 0.012324218749999893 0.02700520833333327
0 0.684033203125 0.6932552083333333 0.010205078125000044 0.01320312500000013
0 0.689912109375 0.6421223958333333 0.0516503906250001 0.032174479166666714
0 0.67552734375 0.5572265625 0.01034179687499992 0.010026041666666726
0 0.67564453125 0.4758984375 0.010576171874999929 0.014101562500000053
0 0.758876953125 0.4639973958333334 0.007636718749999938 0.009114583333333334
0 0.860009765625 0.44760416666666664 0.01058593749999992 0.02080729166666669
0 0.941708984375 0.416171875 0.0068359375 0.005625000000000065
0 0.91318359375 0.6016927083333333 0.016874999999999973 0.026249999999999957
0 0.9362890625 0.590703125 0.00723632812500008 0.014999999999999977
0 0.95517578125 0.586015625 0.00723632812500008 0.0077734375000000355
0 0.80107421875 0.6023567708333334 0.00723632812500008 0.018489583333333393
0 0.74751953125 0.6288802083333334 0.02792968749999991 0.020091145833333268
0 0.772138671875 0.6221875 0.010849609374999902 0.01740885416666667
0 0.78650390625 0.6079817708333334 0.011455078125000018 0.015273437500000023
0 0.868203125 0.6080338541666667 0.012802734374999902 0.009817708333333286
0 0.832568359375 0.6061328125 0.004228515624999929 0.0064453125000000595
0 0.9015234375 0.46880208333333334 0.005507812500000098 0.0051953125000000116
