0 0.383251953125 0.38015625 0.007880859375000049 0.0077994791666666785
0 0.409560546875 0.42812500000000003 0.0071191406249999645 0.007460937500000024
0 0.42646484375 0.4604947916666667 0.005341796875000027 0.007122395833333369
0 0.434091796875 0.47455729166666666 0.004833984375000044 0.006783854166666714
0 0.165390625 0.38654947916666665 0.004462890624999993 0.008242187500000053
0 0.165302734375 0.3999479166666667 0.004980468750000022 0.008932291666666684
0 0.218291015625 0.43886718750000003 0.004121093750000027 0.007552083333333274
0 0.266123046875 0.43761718749999995 0.004296874999999978 0.009153645833333298
0 0.218291015625 0.41356770833333334 0.004462890624999993 0.007330729166666661
0 0.2583984375 0.42548177083333333 0.004638671875 0.006406249999999947
0 0.26603515625 0.3741796875 0.0037792968750000044 0.0068749999999999645
0 0.2653515625 0.3872395833333333 0.004462890625000049 0.007330729166666661
0 0.249033203125 0.40074218749999996 0.0037792968750000044 0.007330729166666661
0 0.27162109375 0.3379947916666666 0.002919921875000009 0.0068749999999999645
0 0.271279296875 0.3739453125 0.0036035156250000533 0.007786458333333357
0 0.2783984375 0.4255859375 0.0037792968750000044 0.007096354166666726
0 0.217607421875 0.3500260416666667 0.0054980468749999956 0.007552083333333274
0 0.20541015625 0.37520833333333337 0.004462890624999993 0.008020833333333291
0 0.205322265625 0.3879166666666667 0.004296874999999978 0.007330729166666661
0 0.15345703125 0.41380208333333335 0.006699218750000013 0.007786458333333357
0 0.217861328125 0.3233463541666667 0.004980468750000022 0.0068749999999999645
0 0.26603515625 0.32483072916666667 0.005156249999999973 0.006184895833333333
0 0.226015625 0.41356770833333334 0.004121093750000027 0.007786458333333357
0 0.2809765625 0.4502083333333333 0.00480468749999996 0.007786458333333357
0 0.236240234375 0.41356770833333334 0.005664062500000011 0.008242187500000053
0 0.358974609375 0.6115625 0.015625 0.011575520833333316
0 0.4180859375 0.5648828124999999 0.01237304687499996 0.01045572916666663
0 0.438828125 0.5560546875 0.004707031250000049 0.006276041666666732
0 0.443447265625 0.5559375 0.004531249999999987 0.005572916666666631
0 0.46400390625 0.5567578125 0.009755859375000009 0.00673177083333328
0 0.425927734375 0.5555989583333333 0.003662109375 0.006276041666666732
0 0.6336328125 0.46514322916666667 0.005205078124999929 0.005950520833333399
0 0.595 0.4678776041666666 0.003339843750000071 0.0064453125000000595
0 0.59490234375 0.45858072916666665 0.0031542968750000178 0.005703124999999994
0 0.601220703125 0.4214322916666667 0.004648437499999991 0.005703124999999994
0 0.659365234375 0.4383984375 0.00650390625000008 0.004453124999999947
0 0.66791015625 0.43828125 0.005761718750000089 0.0037109375000000298
0 0.695869140625 0.45473958333333336 0.006318359375000027 0.007929687500000041
0 0.683330078125 0.4662630208333333 0.008730468750000053 0.00966145833333328
0 0.62078125 0.4672265625 0.005126953125 0.0068359375
0 0.589921875 0.44076822916666664 0.0034374999999999822 0.00390625
0 0.59978515625 0.4412760416666666 0.00381835937500008 0.0032291666666666905
0 0.609013671875 0.44917968750000004 0.0028906250000000355 0.005716145833333315
