0 0.457958984375 0.6766536458333333 0.031865234374999996 0.0633333333333334
0 0.63146484375 0.6948046875 0.041708984375000036 0.07955729166666663
0 0.72572265625 0.6389713541666667 0.20695312500000007 0.10084635416666672
0 0.7615234375 0.6836067708333333 0.023749999999999938 0.02471354166666669
0 0.923740234375 0.6511588541666666 0.05271484375000002 0.0772395833333334
0 0.37791015625 0.3412630208333333 0.004863281250000018 0.007630208333333351
0 0.3715234375 0.4077473958333333 0.01587890624999999 0.006966145833333363
0 0.365888671875 0.42417968749999996 0.004179687499999973 0.013098958333333263
0 0.377685546875 0.42334635416666666 0.008144531250000031 0.010312499999999947
0 0.56259765625 0.7370572916666666 0.10553710937499994 0.020169270833333346
0 0.72623046875 0.7395833333333334 0.11378906249999998 0.03346354166666673
0 0.725888671875 0.7139192708333333 0.03884765624999997 0.018789062500000082
0 0.855498046875 0.7003906249999999 0.10691406250000002 0.022916666666666547
0 0.866669921875 0.6609765625 0.0653222656250001 0.018333333333333313
0 0.934052734375 0.5743359375 0.11550781249999997 0.0733333333333334
