0 0.7183984375 0.6632682291666666 0.029824218749999964 0.034335937499999934
0 0.776875 0.7371093750000001 0.012880859375000053 0.013554687500000107
0 0.984736328125 0.6755989583333334 0.03052734374999999 0.03570312500000002
0 0.851640625 0.7627213541666666 0.12748046874999996 0.025716145833333332
0 0.023388671875 0.46170572916666663 0.0346484375 0.020716145833333293
0 0.307099609375 0.5823177083333334 0.1290234375 0.030390625000000043
0 0.308525390625 0.6444661458333333 0.14083007812500004 0.027682291666666654
0 0.3073046875 0.6200390625 0.06349609374999998 0.018997395833333375
0 0.71046875 0.5934505208333333 0.008544921875 0.009231770833333375
0 0.70232421875 0.5649609375 0.0777441406249999 0.05860677083333332
0 0.82779296875 0.6248177083333334 0.022890625000000053 0.010377604166666702
0 0.88041015625 0.8860677083333334 0.06183593749999994 0.06684895833333322
0 0.967080078125 0.8585937499999999 0.06583007812500008 0.09061197916666656
