0 0.879208984375 0.14928385416666667 0.017783203125000036 0.029908854166666665
0 0.66248046875 0.14251302083333334 0.017783203125000036 0.02765625000000001
0 0.623115234375 0.14138020833333334 0.01693359374999992 0.02540364583333332
0 0.90955078125 0.5831510416666666 0.021132812500000098 0.024531250000000043
0 0.64244140625 0.6590755208333333 0.03795898437499989 0.021914062500000053
0 0.647529296875 0.641328125 0.04344726562500001 0.012526041666666673
0 0.118466796875 0.478984375 0.008701171874999997 0.016236979166666703
0 0.44283203125 0.5757161458333333 0.008457031249999969 0.024440104166666643
0 0.461396484375 0.5694401041666667 0.013632812500000036 0.007526041666666631
0 0.4641015625 0.5963932291666666 0.012460937499999991 0.007526041666666631
0 0.466220703125 0.6097135416666667 0.012460937499999991 0.006575520833333274
0 0.604892578125 0.5913802083333334 0.0072851562500000355 0.010026041666666726
0 0.5862109375 0.5937369791666667 0.005175781249999956 0.005950520833333399
0 0.53755859375 0.6194270833333334 0.01692382812499993 0.030403645833333364
0 0.591201171875 0.5188151041666667 0.005537109375000071 0.0071744791666666545
0 0.526474609375 0.5829557291666666 0.01156249999999992 0.0068229166666666785
0 0.513017578125 0.6059635416666667 0.014033203124999893 0.015416666666666709
0 0.491796875 0.5670963541666666 0.003964843749999947 0.005950520833333399
0 0.493447265625 0.5845963541666667 0.004619140625000018 0.005729166666666637
0 0.49517578125 0.5956119791666666 0.005117187500000009 0.007486979166666667
0 0.353251953125 0.58703125 0.009707031250000053 0.022434895833333357
0 0.420283203125 0.5749088541666666 0.0050878906250000355 0.007604166666666708
0 0.682822265625 0.5446354166666666 0.005498046875000107 0.010585937499999995
0 0.601689453125 0.5601041666666667 0.005068359375000053 0.01690104166666669
0 0.567919921875 0.5661328125 0.004160156249999991 0.012552083333333316
0 0.454853515625 0.5913020833333333 0.0040332031249999956 0.005377604166666661
0 0.517060546875 0.5928515625 0.002939453124999991 0.0058723958333333215
0 0.540791015625 0.5872265625 0.004648437499999991 0.0034244791666666607
0 0.536630859375 0.569375 0.003916015624999991 0.0045703124999999884
