0 0.126943359375 0.7534375 0.047138671874999996 0.02713541666666656
0 0.24611328125000004 0.705234375 0.04445312500000001 0.023567708333333215
0 0.696953125 0.4105208333333333 0.009521484375 0.01445312500000003
0 0.60083984375 0.40911458333333334 0.008193359375000098 0.012343750000000023
0 0.58326171875 0.40893229166666667 0.009521484375 0.013398437499999952
0 0.481201171875 0.6003645833333333 0.00634765625 0.017630208333333286
0 0.61076171875 0.6483072916666667 0.0068749999999999645 0.007044270833333292
0 0.61009765625 0.6382552083333334 0.007666015624999911 0.007408854166666738
0 0.550517578125 0.6263411458333333 0.018085937499999982 0.01661458333333332
0 0.538564453125 0.6016927083333333 0.009042968749999991 0.006432291666666738
0 0.5451953125 0.614140625 0.007031250000000044 0.005091145833333292
0 0.5869921875 0.6102604166666666 0.004218749999999938 0.005351562500000018
0 0.494130859375 0.5965104166666667 0.008457031249999969 0.00575520833333328
0 0.51751953125 0.6205989583333333 0.010234375000000018 0.008346354166666625
0 0.5301171875 0.5948567708333333 0.004580078125000053 0.006106770833333404
0 0.5834765625 0.5924088541666667 0.003515624999999911 0.010585937499999995
0 0.793349609375 0.6053776041666666 0.006757812500000071 0.0068229166666666785
0 0.71517578125 0.6109635416666667 0.014531250000000107 0.01582031249999997
