0 0.376806640625 0.6591666666666667 0.018750000000000044 0.012851562500000005
0 0.802861328125 0.7171875 0.11112304687499996 0.055898437500000085
0 0.804892578125 0.6840755208333333 0.1119335937499999 0.020078125000000096
0 0.6813671875 0.46197916666666666 0.007734375000000071 0.0126953125
0 0.595859375 0.4601953125 0.007431640624999902 0.009908854166666684
0 0.608359375 0.46098958333333334 0.007431640624999902 0.010703125000000036
0 0.614931640625 0.6371484374999999 0.008886718749999911 0.011588541666666638
0 0.64419921875 0.6277473958333334 0.010234375000000018 0.010820312499999929
0 0.597265625 0.6279947916666667 0.007060546875000018 0.014492187499999995
0 0.564658203125 0.6053125 0.005361328125000009 0.006393229166666625
0 0.530703125 0.6033333333333334 0.012001953124999964 0.00809895833333337
0 0.51630859375 0.6068229166666667 0.00634765625 0.01542968750000003
0 0.562041015625 0.6263020833333334 0.01058593749999992 0.00809895833333337
