0 0.211494140625 0.059453124999999996 0.027099609375 0.021575520833333323
0 0.403876953125 0.39414062499999997 0.010712890625000027 0.009544270833333387
0 0.434287109375 0.4398307291666667 0.00691406250000004 0.008177083333333298
0 0.449033203125 0.46593749999999995 0.004824218750000053 0.007486979166666667
0 0.456796875 0.47942708333333334 0.003652343750000009 0.0045182291666667025
0 0.24416015625 0.5136979166666666 0.004423828124999973 0.005611979166666596
0 0.23751953125 0.43725260416666667 0.008408203125000013 0.0126953125
0 0.24105468750000003 0.6128515625000001 0.03662109375000003 0.021757812500000046
0 0.27984375 0.628828125 0.024306640624999987 0.029739583333333375
0 0.307314453125 0.6754427083333333 0.06659179687499994 0.023528645833333323
0 0.35576171875 0.6259505208333334 0.03695312500000003 0.02752604166666665
0 0.413857421875 0.6022005208333333 0.06659179687499994 0.0537109375
0 0.470791015625 0.61484375 0.01864257812500003 0.01776041666666665
0 0.504326171875 0.5602994791666667 0.009111328124999984 0.009492187499999952
0 0.657919921875 0.5753645833333333 0.013496093749999938 0.009296874999999982
0 0.853251953125 0.37157552083333334 0.007539062500000027 0.0074739583333333455
0 0.783837890625 0.41283854166666667 0.006757812500000071 0.007044270833333292
0 0.716455078125 0.45023437499999996 0.00528320312500008 0.005481770833333381
0 0.648193359375 0.4818229166666667 0.005019531250000098 0.00518229166666669
0 0.6833984375 0.4661848958333333 0.005400390624999973 0.0036848958333333868
0 0.674482421875 0.5116145833333333 0.005146484374999982 0.008867187499999929
0 0.624853515625 0.5630598958333334 0.0037695312499999023 0.007031249999999971
0 0.612177734375 0.49872395833333333 0.003007812499999929 0.0045182291666667025
0 0.537744140625 0.49733072916666665 0.00399414062499992 0.0054947916666667025
0 0.3579296875 0.7172916666666667 0.10214843750000002 0.04852864583333331
