0 0.91220703125 0.32002604166666665 0.010957031250000027 0.013971354166666691
0 0.7741015625 0.4038411458333333 0.010000000000000009 0.007617187500000029
0 0.6793359375 0.46796875 0.007138671874999947 0.007617187500000029
0 0.2019140625 0.06476562500000001 0.022861328125000024 0.020312499999999994
0 0.341171875 0.31690104166666666 0.01995117187499995 0.012539062499999995
0 0.392734375 0.40622395833333336 0.010166015624999969 0.011536458333333352
0 0.42638671875 0.4767057291666667 0.0056542968749999645 0.007929687500000041
0 0.440224609375 0.4965364583333333 0.005351562500000018 0.00713541666666669
0 0.51298828125 0.5241276041666666 0.005019531250000098 0.0074739583333333455
0 0.4522265625 0.5765625 0.05197265625000003 0.010299479166666625
0 0.425849609375 0.5631640625 0.010429687499999951 0.030403645833333364
0 0.200693359375 0.6007812499999999 0.014746093750000022 0.01259114583333328
0 0.200927734375 0.5663802083333334 0.013828125000000024 0.013216145833333304
0 0.22431640625 0.5845052083333333 0.03847656249999998 0.017513020833333393
0 0.24251953125000003 0.6041666666666666 0.059218750000000014 0.013216145833333304
0 0.2869921875 0.5843489583333333 0.010830078125000031 0.02703124999999999
0 0.252890625 0.5619140625 0.030185546874999997 0.020885416666666618
0 0.267744140625 0.5845052083333333 0.008759765625000027 0.032877604166666664
0 0.225673828125 0.4644270833333333 0.009951171874999998 0.01658854166666668
0 0.296884765625 0.5013020833333334 0.007470703124999978 0.018802083333333403
0 0.525869140625 0.5302473958333334 0.005136718749999991 0.004114583333333292
0 0.503916015625 0.5265234375 0.002939453124999991 0.006067708333333292
