0 0.8331640625 0.38524739583333334 0.009619140624999911 0.009765625
0 0.290087890625 0.24759114583333333 0.01806640625 0.011601562500000032
0 0.375419921875 0.38819010416666666 0.011757812499999964 0.009088541666666691
0 0.42015625 0.4780078125 0.005224609375000022 0.008085937500000048
0 0.43708984375 0.5001692708333333 0.003974609375000049 0.0077994791666666785
0 0.444296875 0.514375 0.003759765625000022 0.007239583333333262
0 0.521513671875 0.5320703125 0.005644531249999973 0.008632812499999995
0 0.00537109375 0.595703125 0.0107421875 0.014322916666666666
0 0.108427734375 0.7271223958333333 0.04095703125 0.013919270833333405
0 0.2132421875 0.5895182291666666 0.016865234374999982 0.016067708333333375
0 0.11244140625 0.515625 0.010439453124999998 0.012851562500000005
0 0.42740234375 0.5730468750000001 0.015048828124999969 0.01036458333333338
0 0.434677734375 0.587265625 0.019062499999999982 0.015377604166666595
0 0.44345703125 0.5722135416666666 0.011035156249999956 0.012044270833333334
0 0.48484375 0.5887630208333333 0.01554687499999996 0.011705729166666679
