0 0.094833984375 0.3879166666666667 0.021298828125000002 0.017825520833333403
0 0.3092578125 0.5288802083333334 0.012382812499999951 0.009244791666666696
0 0.7953125 0.29151041666666666 0.021787109374999947 0.023111979166666668
0 0.139150390625 0.7109375 0.01363281249999998 0.024127604166666632
0 0.167822265625 0.7244140625000001 0.023505859374999993 0.009088541666666691
0 0.034755859375 0.6710677083333333 0.003212890625000006 0.0048177083333333925
0 0.026220703125 0.7123307291666667 0.01185546875 0.016067708333333226
0 0.0680078125 0.7144791666666667 0.012656250000000008 0.020364583333333464
0 0.069921875 0.6988020833333333 0.009238281250000008 0.006692708333333464
0 0.197294921875 0.72671875 0.027441406250000022 0.009908854166666536
0 0.20259765625 0.7185286458333334 0.026835937500000018 0.011315104166666737
0 0.182099609375 0.711796875 0.015312500000000007 0.020143229166666703
0 0.161484375 0.7161197916666667 0.005683593749999993 0.004648437499999917
