0 0.279150390625 0.2594140625 0.06203124999999998 0.01921874999999999
0 0.676416015625 0.2832291666666667 0.0557714843749999 0.06516927083333335
0 0.0937890625 0.9046223958333334 0.011748046875000001 0.017239583333333346
0 0.562216796875 0.9730598958333333 0.07271484375000004 0.053567708333333464
0 0.7919921875 0.8931901041666667 0.004931640624999956 0.005638020833333239
0 0.81025390625 0.9410416666666667 0.09133789062499997 0.06376302083333336
0 0.7775390625 0.9027473958333333 0.006113281249999991 0.010963541666666762
0 0.050537109375 0.3425390625 0.005644531250000001 0.010026041666666726
0 0.064521484375 0.39033854166666665 0.005410156249999999 0.009713541666666714
0 0.08181640625 0.4689453125 0.005605468750000009 0.0064453125000000595
0 0.149140625 0.35753906249999995 0.005791015625000007 0.007721354166666601
0 0.128662109375 0.37041666666666667 0.005791015625000007 0.006692708333333315
0 0.11060546875 0.5451953125 0.005214843750000003 0.01005208333333337
0 0.200908203125 0.5255859374999999 0.005429687500000002 0.006653645833333351
0 0.200986328125 0.5383984375 0.005869140624999991 0.00841145833333338
0 0.200546875 0.5506380208333334 0.005869140624999991 0.008606770833333352
0 0.20017578125 0.5634635416666667 0.005722656250000013 0.00841145833333338
0 0.2168359375 0.5279296875 0.00557617187499998 0.008606770833333352
0 0.216474609375 0.5406510416666667 0.005722656250000013 0.009010416666666613
0 0.216689453125 0.5534765625 0.005869140624999991 0.009986979166666613
0 0.21625 0.5666927083333334 0.005869140624999991 0.008216145833333263
0 0.225283203125 0.5268489583333333 0.00484374999999998 0.007630208333333351
0 0.375390625 0.37799479166666666 0.004003906250000022 0.008111979166666691
0 0.310439453125 0.3536458333333334 0.0038574218750000444 0.006927083333333399
0 0.308583984375 0.3992708333333333 0.004902343749999982 0.00791666666666672
0 0.30740234375 0.47677083333333337 0.004902343749999982 0.00653645833333331
0 0.338427734375 0.5436848958333333 0.0054980468749999956 0.008515624999999952
0 0.352607421875 0.5589192708333334 0.007128906249999956 0.004557291666666667
0 0.3746484375 0.545859375 0.004306640624999969 0.008111979166666691
0 0.791630859375 0.5188671875 0.004414062499999982 0.008476562499999988
0 0.729599609375 0.6084505208333334 0.005400390624999973 0.009531250000000066
0 0.7303125 0.6230729166666666 0.006201171874999911 0.010807291666666607
0 0.731103515625 0.6380078125 0.006201171874999911 0.011015625000000048
0 0.731748046875 0.6520963541666667 0.005244140624999893 0.009114583333333334
0 0.7325390625 0.6658723958333334 0.005244140624999893 0.009531249999999991
0 0.7933203125 0.7131249999999999 0.006357421874999991 0.009114583333333334
0 0.792529296875 0.6992447916666666 0.005400390624999973 0.008476562499999988
0 0.8024609375 0.6989322916666666 0.005878906249999982 0.009960937500000119
0 0.52810546875 0.45179687500000004 0.004140625000000009 0.008671874999999959
0 0.165966796875 0.39005208333333335 0.004384765625000009 0.006757812500000071
0 0.80232421875 0.712890625 0.005419921874999956 0.007955729166666536
0 0.79111328125 0.67046875 0.0061425781249999645 0.0074739583333333455
0 0.80033203125 0.6708333333333334 0.0061425781249999645 0.0072265624999999405
0 0.80115234375 0.6851822916666667 0.005244140624999893 0.009882812499999893
0 0.7923828125 0.6849348958333333 0.00650390625000008 0.01036458333333338
0 0.78732421875 0.6003255208333333 0.005419921874999956 0.006992187500000006
0 0.796181640625 0.6003255208333333 0.00650390625000008 0.007955729166666684
0 0.797353515625 0.6150260416666666 0.005605468750000009 0.008437500000000023
0 0.7889453125 0.6285286458333333 0.004697265624999947 0.009401041666666702
0 0.79798828125 0.6282942708333333 0.005781250000000071 0.0074739583333333455
0 0.799072265625 0.6427473958333333 0.005419921874999956 0.008919270833333362
0 0.790576171875 0.65625 0.004697265624999947 0.0074739583333333455
0 0.79916015625 0.6558854166666667 0.005244140624999893 0.0072265624999999405
0 0.789755859375 0.6427473958333333 0.004521484375000107 0.007955729166666684
0 0.788046875 0.6141927083333333 0.005058593750000062 0.008671874999999959
0 0.733720703125 0.6807161458333333 0.005605468750000009 0.008671875000000107
0 0.598310546875 0.6279296875 0.005966796874999902 0.005299479166666732
0 0.548046875 0.5609114583333333 0.0048828125 0.009153645833333298
0 0.548046875 0.5757421875000001 0.005244140624999893 0.007955729166666684
0 0.54859375 0.5912890625 0.004521484375000107 0.00819010416666662
0 0.549130859375 0.60671875 0.004521484375000107 0.009153645833333298
0 0.54931640625 0.6213020833333334 0.005244140624999893 0.01036458333333338
0 0.5494921875 0.6363671875 0.005244140624999893 0.008671874999999959
0 0.549765625 0.6513151041666666 0.004697265624999947 0.009635416666666638
0 0.562060546875 0.6522786458333333 0.005419921874999956 0.008671874999999959
0 0.561787109375 0.6363671875 0.005605468750000009 0.008671874999999959
0 0.561787109375 0.6220182291666666 0.006689453124999911 0.009401041666666702
0 0.587099609375 0.5647786458333334 0.004521484375000107 0.009153645833333298
0 0.560341796875 0.561875 0.005244140624999893 0.00819010416666662
0 0.560166015625 0.5764583333333334 0.005244140624999893 0.009401041666666702
0 0.561064453125 0.5922526041666667 0.005605468750000009 0.008671874999999959
0 0.20859375 0.7303125 0.006865234374999973 0.009153645833333298
0 0.719208984375 0.9409114583333333 0.01156249999999992 0.04050781249999987
0 0.680009765625 0.9640494791666666 0.016660156249999947 0.01307291666666662
0 0.6219921875 0.9109895833333334 0.042529296874999956 0.02091145833333326
0 0.64796875 0.9742317708333333 0.013720703124999956 0.03397135416666656
0 0.909716796875 0.9210546875 0.04645507812499994 0.03214843750000007
0 0.960185546875 0.9295442708333334 0.04743164062499994 0.03188802083333334
0 0.9906640625 0.9268098958333333 0.008427734375000107 0.022213541666666597
