0 0.6351953125 0.495546875 0.005058593750000062 0.008333333333333304
0 0.6884375 0.37636718750000003 0.006250000000000089 0.007929687500000041
0 0.613486328125 0.42217447916666667 0.005058593750000062 0.009127604166666655
0 0.696025390625 0.5371875 0.004755859374999893 0.009127604166666655
0 0.858427734375 0.46877604166666664 0.004160156249999991 0.007929687500000041
0 0.9378515625 0.5326302083333333 0.006542968750000044 0.0126953125
0 0.922685546875 0.3527734375 0.006542968750000044 0.011497395833333387
0 0.851884765625 0.3888671875 0.006542968750000044 0.009127604166666655
0 0.349619140625 0.9225781249999999 0.01545898437500004 0.010312500000000094
0 0.01775390625 0.9090104166666667 0.009541015624999998 0.024947916666666774
0 0.191923828125 0.9149479166666666 0.009658203124999987 0.008854166666666607
0 0.416240234375 0.7305468749999999 0.006328125000000018 0.012916666666666762
0 0.75349609375 0.546484375 0.005126953125 0.008398437500000059
0 0.75267578125 0.5346614583333333 0.005830078125000027 0.0077734375000000355
0 0.769814453125 0.547109375 0.0060644531250000355 0.0077734375000000355
0 0.76900390625 0.5342057291666666 0.006298828125000044 0.008710937500000071
0 0.5969140625 0.37949218749999997 0.005566406250000044 0.011328125000000059
0 0.599921875 0.4656640625 0.0049218749999999645 0.008854166666666607
0 0.898056640625 0.5326041666666667 0.005917968749999947 0.0069010416666666075
