0 0.97416015625 0.341640625 0.004287109375000098 0.006861979166666643
0 0.996044921875 0.38625 0.004580078125000053 0.009153645833333298
0 0.98345703125 0.43524739583333333 0.005146484374999982 0.009531250000000066
0 0.16041015625 0.9152473958333333 0.03315429687499999 0.053763020833333286
0 0.80125 0.7310286458333333 0.006132812499999973 0.013789062499999893
0 0.90849609375 0.9628776041666667 0.01685546874999999 0.031145833333333428
0 0.941240234375 0.9718229166666666 0.014169921874999991 0.009192708333333263
0 0.833994140625 0.9554817708333333 0.01953125 0.009192708333333263
0 0.76294921875 0.9350520833333333 0.02757812500000001 0.016341145833333275
0 0.873564453125 0.9735416666666666 0.015839843750000027 0.014231770833333416
0 0.8861328125 0.9691796875 0.009990234375000018 0.010104166666666655
0 0.24025390625 0.9898567708333333 0.10244140625000003 0.020273437499999918
