0 0.515185546875 0.9507421875 0.013789062499999893 0.00662760416666656
0 0.453486328125 0.8882161458333333 0.005195312500000049 0.003320312499999941
0 0.661298828125 0.9870572916666666 0.018984375000000053 0.008138020833333334
0 0.641865234375 0.98328125 0.008583984374999964 0.011445312499999952
0 0.630224609375 0.9777083333333333 0.007910156249999911 0.010546874999999881
0 0.61791015625 0.9707812499999999 0.00723632812500008 0.009947916666666798
0 0.60728515625 0.9667057291666666 0.008583984374999964 0.008437500000000023
0 0.698369140625 0.985390625 0.009941406250000062 0.011445312499999952
0 0.6805078125 0.9801171875 0.009042968749999991 0.007539062499999953
0 0.473828125 0.9970703125 0.004746093750000013 0.005859375
0 0.530556640625 0.9484765624999999 0.0056542968749999645 0.009947916666666798
