0 0.75810546875 0.9390885416666667 0.010214843750000036 0.0052213541666666545
0 0.792333984375 0.9390885416666667 0.006523437500000062 0.0052213541666666545
0 0.526826171875 0.9153125000000001 0.004462890624999938 0.005703125000000142
0 0.546787109375 0.9286848958333334 0.007246093750000071 0.0061979166666666545
0 0.566201171875 0.9161848958333333 0.0037109374999999556 0.0064453125000000595
0 0.6119921875 0.9093619791666666 0.01058593749999992 0.00916666666666662
0 0.67087890625 0.9456510416666667 0.007246093750000071 0.008424479166666702
0 0.712587890625 0.9684375 0.004082031250000062 0.0054427083333334165
0 0.720947265625 0.9696744791666667 0.004462890624999938 0.016341145833333275
0 0.783291015625 0.9223697916666667 0.006425781249999929 0.005039062499999858
0 0.294794921875 0.9313802083333332 0.005458984375000031 0.00828124999999987
0 0.296396484375 0.918828125 0.006406249999999947 0.0052734374999999405
