0 0.078671875 0.12296875 0.0531640625 0.07234375
0 0.1904296875 0.159140625 0.157333984375 0.04339843749999998
0 0.57796875 0.7055078125 0.023066406249999893 0.012539062500000142
0 0.582861328125 0.6226432291666667 0.048535156250000044 0.010559895833333352
0 0.538330078125 0.635859375 0.008681640625000098 0.009010416666666613
0 0.616982421875 0.6356380208333333 0.005791015625000062 0.007721354166666601
0 0.614892578125 0.6864713541666667 0.009326171874999956 0.007291666666666548
0 0.555634765625 0.6861067708333333 0.009052734374999982 0.0069010416666666075
0 0.75248046875 0.4953125 0.005849609375000009 0.0077994791666666785
0 0.6276953125 0.06052083333333332 0.011416015625000053 0.09130208333333334
0 0.60849609375 0.1708463541666667 0.008818359374999973 0.08299479166666668
0 0.6402734375 0.20455729166666667 0.012187500000000018 0.016250000000000025
0 0.630673828125 0.17326822916666665 0.011152343750000071 0.06985677083333332
