0 0.044581589958158994 0.7583540372670807 0.08801255230125524 0.02562111801242236
0 0.04688284518828452 0.5222360248447205 0.09376569037656904 0.0332919254658386
0 0.032782426778242675 0.5751552795031055 0.059832635983263605 0.02133540372670809
0 0.1084518828451883 0.5815838509316771 0.012071129707112962 0.013664596273291855
0 0.2632635983263598 0.6645962732919255 0.01307531380753138 0.011086956521739109
0 0.28868200836820085 0.6590372670807454 0.010083682008368186 0.0166459627329193
0 0.3107322175732218 0.6551552795031056 0.016066945606694576 0.010000000000000085
0 0.42769874476987446 0.6718012422360248 0.052698744769874475 0.023291925465838508
0 0.3974267782426778 0.6035714285714285 0.006359832635983306 0.0122049689440994
0 0.41219665271966527 0.5419875776397516 0.015690376569037656 0.0122049689440994
0 0.38043933054393303 0.5475155279503106 0.031171548117154765 0.01614906832298133
0 0.35251046025104604 0.5267080745341615 0.007949790794979103 0.012422360248447204
0 0.3609832635983264 0.5267080745341615 0.007322175732217573 0.011180124223602554
0 0.3693514644351465 0.518167701863354 0.008158995815899534 0.01024844720496898
0 0.9102928870292887 0.5612732919254658 0.011255230125523003 0.010527950310558963
