0 0.021339285714285713 0.7573828125 0.042440476190476195 0.015820312500000044
0 0.4125595238095238 0.7815625 0.047559523809523864 0.015039062500000089
0 0.3729166666666667 0.4587890625 0.010714285714285697 0.013671875
0 0.21413690476190478 0.4265625 0.013392857142857142 0.010156249999999978
0 0.21845238095238098 0.3349609375 0.00952380952380949 0.018359374999999956
0 0.0880952380952381 0.2998046875 0.0113095238095238 0.013671875
0 0.1386904761904762 0.90859375 0.0113095238095238 0.014843750000000044
0 0.6988095238095239 0.3142578125 0.017916666666666612 0.013437499999999991
0 0.7541666666666667 0.486328125 0.011517857142857156 0.014687499999999964
0 0.6560714285714285 0.8638671875 0.011428571428571354 0.011992187499999973
0 0.640922619047619 0.6712890625 0.015178571428571496 0.012890625000000044
0 0.11476190476190477 0.6225 0.015744047619047637 0.011601562500000107
0 0.8421726190476191 0.7394140625 0.01416666666666664 0.018593749999999964
0 0.6447916666666667 0.996875 0.015178571428571496 0.006250000000000089
