0 0.8715937500000001 0.9576666666666667 0.023984374999999857 0.021000000000000085
0 0.79 0.7934375 0.006562500000000071 0.009375
0 0.823828125 0.7916666666666666 0.005156249999999929 0.006666666666666762
0 0.8087500000000001 0.7690625 0.005937499999999929 0.007291666666666667
0 0.808359375 0.7833333333333333 0.01015625 0.01208333333333324
0 0.604859375 0.6654375 0.00998437499999998 0.009916666666666648
0 0.601171875 0.5723958333333333 0.026718750000000034 0.008124999999999953
0 0.503046875 0.6380208333333334 0.00703125 0.008958333333333238
0 0.5446875 0.6682291666666667 0.010312500000000035 0.013958333333333428
0 0.675859375 0.6341666666666667 0.007656249999999964 0.008333333333333333
0 0.795859375 0.7145833333333333 0.014218749999999947 0.00916666666666662
0 0.676796875 0.6988541666666667 0.011406249999999929 0.007291666666666667
0 0.625625 0.7095833333333333 0.009687500000000071 0.009999999999999905
0 0.61328125 0.6740625 0.0078125 0.0068749999999999055
0 0.90625 0.5579166666666667 0.01281250000000007 0.007500000000000047
0 0.9239843750000001 0.6461458333333333 0.01515625000000007 0.005625000000000094
0 0.907265625 0.6525 0.02140625000000007 0.007083333333333286
0 0.86565625 0.8341875000000001 0.009484374999999901 0.009291666666666743
0 0.758671875 0.8499375 0.009687500000000071 0.009812500000000076
0 0.7624531250000001 0.8256666666666667 0.00717187500000005 0.00827083333333339
0 0.8876406250000001 0.7675833333333333 0.008515625000000072 0.00827083333333339
0 0.8008593749999999 0.7298958333333334 0.011406249999999929 0.008124999999999953
