0 0.70125 0.173828125 0.01062499999999993 0.012500000000000011
0 0.67109375 0.176953125 0.0125 0.012500000000000011
0 0.47140624999999997 0.1927734375 0.0140625 0.015234375000000022
0 0.40984375 0.3078125 0.019687500000000035 0.017187500000000022
0 0.14125000000000001 0.2220703125 0.015625 0.017578125
0 0.1521875 0.24550781250000003 0.014374999999999982 0.019921875000000006
0 0.043437500000000004 0.217578125 0.025625 0.03359374999999998
0 0.05078125 0.1529296875 0.0234375 0.03632812499999999
0 0.22953125000000002 0.1943359375 0.027187499999999965 0.025390625
0 0.39171875 0.382421875 0.012812499999999982 0.017968749999999978
0 0.2764375 0.12156249999999999 0.030343750000000023 0.04058593749999999
0 0.0348125 0.03859375 0.019625000000000004 0.01828125
0 0.41628125000000005 0.2125 0.011187499999999951 0.013984374999999993
0 0.46521875 0.3578125 0.016312500000000084 0.019179687499999987
0 0.32825000000000004 0.19109375 0.012875000000000015 0.013828125000000024
0 0.50625 0.1955078125 0.01125000000000007 0.012890624999999989
0 0.17265625 0.1908203125 0.018437500000000016 0.01679687499999999
