0 0.40409375000000003 0.7862890625 0.02903125000000002 0.03304687499999992
0 0.23896875 0.587890625 0.02840625000000001 0.01480468750000008
0 0.33225 0.64640625 0.014874999999999972 0.01351562499999992
0 0.43578124999999995 0.8280859375 0.01796875 0.04410156250000008
0 0.71340625 0.7003515625 0.05193750000000001 0.023320312500000107
0 0.83440625 0.75046875 0.041625000000000155 0.013749999999999929
0 0.969375 0.7096875 0.0612187500000001 0.03785156249999999
0 0.9354374999999999 0.4785546875 0.027968750000000143 0.02082031250000005
0 0.34571874999999996 0.4114453125 0.03274999999999997 0.017460937499999996
0 0.755 0.4015625 0.021250000000000036 0.012499999999999956
