0 0.15375 0.9935546875 0.018124999999999992 0.012890625000000044
0 0.08875 0.8955078125 0.048749999999999995 0.01601562500000009
0 0.26546875000000003 0.912109375 0.07531249999999998 0.015625
0 0.4346875 0.751171875 0.030625000000000034 0.016406249999999956
0 0.5475 0.912109375 0.03125 0.032031249999999956
0 0.3990625 0.899609375 0.01499999999999999 0.014062500000000089
0 0.5014062499999999 0.9033203125 0.01218749999999993 0.012109375000000089
0 0.48953125000000003 0.9525390625 0.014687499999999964 0.012890625000000044
0 0.728125 0.9541015625 0.01125000000000007 0.01992187500000009
0 0.68421875 0.811328125 0.04343749999999993 0.018750000000000044
0 0.8856249999999999 0.825 0.02937499999999993 0.012499999999999956
0 0.9932812500000001 0.8361328125 0.013437499999999858 0.01914062499999991
0 0.8067187499999999 0.7525390625 0.020937500000000053 0.011328124999999911
0 0.81328125 0.7908203125 0.0484375 0.014453124999999956
0 0.71875 0.8400390625 0.1125 0.01914062499999991
0 0.74046875 0.82265625 0.024687499999999928 0.01953125
0 0.7787499999999999 0.8513671875 0.014375000000000072 0.017578125
0 0.77125 0.993359375 0.014375000000000072 0.013281249999999911
0 0.7424999999999999 0.973828125 0.013124999999999965 0.020312499999999956
0 0.48218750000000005 0.7896484375 0.04312500000000004 0.015234374999999911
0 0.7984375 0.956640625 0.016250000000000053 0.01171875
0 0.9854687500000001 0.7798828125 0.02906249999999986 0.015234374999999911
0 0.9309375 0.825390625 0.02124999999999986 0.014843750000000044
0 0.8318749999999999 0.75390625 0.013125000000000142 0.014062500000000089
0 0.8456250000000001 0.8125 0.02937499999999993 0.016406249999999956
0 0.6682812499999999 0.8771484375 0.022812500000000034 0.02304687499999991
0 0.590625 0.93359375 0.03937500000000007 0.02578125000000009
0 0.6321875 0.8751953125 0.013749999999999929 0.011328124999999911
0 0.62234375 0.8396484375 0.02156249999999993 0.012890625000000044
0 0.37265625 0.7720703125 0.03656249999999996 0.032421875000000044
0 0.338125 0.734765625 0.028125 0.02578125000000009
0 0.1796875 0.7890625 0.01499999999999999 0.018750000000000044
0 0.22218749999999998 0.7984375 0.011249999999999982 0.014062500000000089
0 0.0159375 0.7888671875 0.029999999999999992 0.012109375000000089
