0 0.30143749999999997 0.7865625 0.03206249999999997 0.029414062499999893
0 0.25565625000000003 0.8075 0.014593749999999961 0.040976562500000036
0 0.19721875 0.7431640625 0.016031249999999986 0.021835937499999902
0 0.240875 0.6206640625 0.03490624999999996 0.04140625000000009
0 0.28684375 0.5892578125 0.01568750000000003 0.029414062499999893
0 0.8354374999999999 0.6444921875 0.03781250000000007 0.04125000000000001
0 0.69384375 0.651484375 0.04293750000000003 0.029648437499999902
0 0.8234375 0.49171875 0.038125000000000145 0.039257812500000044
0 0.4015625 0.64375 0.014375000000000027 0.030468750000000044
0 0.35265625 0.8044921875 0.0140625 0.018359374999999956
0 0.6259375 0.8810546875 0.016249999999999966 0.014453124999999956
0 0.83375 0.9630859375 0.028750000000000143 0.02382812500000009
0 0.975625 0.8962890625 0.02562500000000014 0.02382812500000009
0 0.7464062499999999 0.4322265625 0.01593750000000007 0.016796875000000044
0 0.65953125 0.58671875 0.01281250000000007 0.01796875000000009
0 0.6560937499999999 0.54140625 0.03781250000000007 0.022656250000000044
0 0.5709375 0.3822265625 0.09749999999999996 0.033203125
0 0.5157812500000001 0.5941796875 0.03993749999999992 0.025351562500000036
0 0.526875 0.75765625 0.024812499999999994 0.017304687500000027
0 0.38915625 0.7651171875 0.04381249999999999 0.01449218749999992
0 0.280125 0.7089453125 0.019000000000000038 0.023749999999999938
0 0.01915625 0.734921875 0.023281250000000003 0.03042968750000008
0 0.06534375 0.77140625 0.01896875 0.030898437500000098
0 0.11100000000000002 0.7666796875 0.023625000000000007 0.02417968749999999
0 0.73809375 0.8112109375 0.021656250000000023 0.02499999999999991
0 0.6429375 0.73703125 0.02706250000000008 0.020312499999999956
0 0.84671875 0.788671875 0.011562500000000142 0.016406249999999956
0 0.7893749999999999 0.766015625 0.019374999999999965 0.013281249999999911
0 0.9214062500000001 0.89375 0.020937500000000143 0.03281249999999991
0 0.8665625 0.9373046875 0.014999999999999857 0.016796875000000044
0 0.8803124999999999 0.845703125 0.013125000000000142 0.016406249999999956
0 0.51234375 0.640625 0.025937500000000037 0.014062500000000089
0 0.5259375000000001 0.675 0.011875000000000035 0.014062500000000089
