0 0.99584375 0.8216875 0.008296874999999915 0.015500000000000114
0 0.833390625 0.7920833333333334 0.009765625 0.017041666666666563
0 0.869890625 0.9270625 0.013953125000000099 0.019833333333333297
0 0.042875 0.6669166666666667 0.041937499999999996 0.030749999999999982
0 0.289953125 0.5096041666666667 0.014265624999999994 0.02852083333333333
0 0.47651562500000005 0.6643958333333334 0.012406250000000086 0.019479166666666714
0 0.331640625 0.7347916666666666 0.014890624999999958 0.025
0 0.22757812500000002 0.7746666666666666 0.006890625000000039 0.015062500000000038
0 0.396015625 0.7266875 0.028953124999999958 0.035291666666666784
0 0.35278125 0.6086875 0.01715625000000003 0.016437499999999973
0 0.32020312500000003 0.8231458333333334 0.009578124999999993 0.017645833333333392
0 0.14264062500000002 0.7659374999999999 0.01004687500000001 0.014000000000000058
0 0.263265625 0.7619791666666667 0.016203125000000006 0.032250000000000036
0 0.24865624999999997 0.7799375000000001 0.012093750000000014 0.017645833333333392
