0 0.9280312500000001 0.9322916666666666 0.024843750000000143 0.016562500000000095
0 0.9593125 0.8925 0.053687499999999846 0.016062500000000077
0 0.9955 0.9437083333333334 0.008999999999999985 0.012979166666666705
0 0.9220937499999999 0.8764791666666666 0.043359375 0.013708333333333418
0 0.9536093749999999 0.8283333333333334 0.016343750000000056 0.009062500000000048
0 0.8897656250000001 0.92325 0.02240624999999987 0.011270833333333266
0 0.8609218750000001 0.9227708333333333 0.027187500000000142 0.01616666666666665
0 0.8248125 0.9157916666666667 0.03949999999999996 0.014458333333333446
0 0.9783125 0.9951875 0.03343750000000014 0.00962500000000001
0 0.894171875 0.94775 0.01726562499999993 0.006374999999999886
0 0.784953125 0.905625 0.033624999999999974 0.014687499999999905
0 0.8355625 0.8832083333333334 0.0125 0.010541666666666553
0 0.7471875 0.9041458333333333 0.02829687500000002 0.015187499999999925
0 0.742328125 0.8822291666666667 0.022593750000000058 0.011520833333333277
0 0.767671875 0.8818541666666667 0.02039062499999993 0.008333333333333333
0 0.77053125 0.8457291666666666 0.0125 0.0125
0 0.74471875 0.84475 0.023703124999999936 0.011520833333333277
0 0.742140625 0.8294374999999999 0.016343750000000056 0.008812500000000037
0 0.7186250000000001 0.8792916666666667 0.009375 0.010541666666666553
0 0.7207343749999999 0.9457916666666667 0.009921875000000035 0.010770833333333249
0 0.6913437499999999 0.9353750000000001 0.04409375000000004 0.009562500000000066
0 0.63796875 0.9299999999999999 0.04610937499999999 0.013479166666666724
0 0.681875 0.9165208333333333 0.033624999999999974 0.023770833333333265
0 0.6989687499999999 0.9933125 0.007906249999999915 0.008812500000000037
0 0.69603125 0.9767916666666667 0.01157812499999995 0.012979166666666705
0 0.064859375 0.9732291666666666 0.05548437500000001 0.011270833333333266
0 0.24425 0.9940833333333334 0.05676562499999997 0.011833333333333229
0 0.20678125 0.9929583333333334 0.008265625000000032 0.007604166666666619
0 0.18040625 0.9887916666666666 0.032328125 0.008083333333333324
0 0.010203124999999999 0.8622708333333333 0.020390625000000002 0.014687499999999905
0 0.013968749999999999 0.8431458333333333 0.012859375000000001 0.018125000000000096
0 0.0164375 0.7689374999999999 0.018187500000000002 0.01029166666666678
0 0.03959375 0.7650208333333333 0.014875000000000005 0.007833333333333314
0 0.0958125 0.8076458333333334 0.033624999999999995 0.010770833333333249
0 0.09048437499999999 0.8268749999999999 0.010843749999999996 0.009062500000000048
0 0.0833125 0.8787291666666667 0.006125000000000003 0.009416666666666629
0 0.03659375 0.8573541666666666 0.009734375000000007 0.013187500000000085
0 0.03690625 0.8459583333333334 0.009421875000000001 0.008374999999999962
0 0.10003124999999999 0.865625 0.014765624999999994 0.007124999999999914
0 0.132234375 0.8661666666666666 0.027953124999999978 0.031624999999999896
0 0.15603125 0.8671041666666667 0.015234375 0.019270833333333334
0 0.19865624999999998 0.8796666666666667 0.010046874999999988 0.015500000000000114
0 0.165921875 0.7919375 0.022453125000000008 0.015916666666666638
0 0.10623437499999999 0.771625 0.01429687500000001 0.008374999999999962
0 0.14534375 0.6957083333333334 0.032187499999999994 0.007333333333333295
0 0.11009374999999999 0.6823125 0.008171874999999985 0.00816666666666658
0 0.21759374999999997 0.6963333333333334 0.016484375000000016 0.013187500000000085
0 0.297203125 0.7581041666666667 0.011156249999999979 0.011104166666666752
0 0.26690625 0.7456458333333333 0.03376562500000002 0.0075416666666666765
0 0.394578125 0.7100624999999999 0.00926562500000001 0.007124999999999914
0 0.41098437499999996 0.6957083333333334 0.006906249999999936 0.007333333333333295
0 0.436421875 0.7223124999999999 0.013499999999999979 0.00816666666666658
0 0.545578125 0.6628333333333334 0.009734375000000028 0.007333333333333295
0 0.505140625 0.6857708333333333 0.010515625000000028 0.011312499999999896
0 0.73465625 0.6570833333333332 0.007859374999999957 0.007124999999999914
0 0.750828125 0.658125 0.021984375000000077 0.008374999999999962
0 0.9345000000000001 0.7578958333333333 0.00957812500000017 0.01068749999999999
0 0.88715625 0.8565208333333333 0.025437499999999957 0.009416666666666629
0 0.8898906249999999 0.870875 0.0092656250000001 0.010895833333333372
0 0.881109375 0.8859375 0.012093750000000014 0.01047916666666661
0 0.896734375 0.9041666666666667 0.05528125000000017 0.012145833333333418
0 0.8586406249999999 0.8771458333333333 0.0092656250000001 0.009208333333333247
0 0.80140625 0.8684583333333333 0.018843749999999916 0.007750000000000057
0 0.79865625 0.8472083333333333 0.01743750000000004 0.007958333333333437
0 0.784203125 0.844375 0.010515625000000028 0.012770833333333323
0 0.707484375 0.82575 0.022609375000000043 0.01360416666666661
0 0.641609375 0.7149791666666666 0.011781249999999943 0.011937500000000038
0 0.47757812499999996 0.7164375 0.007218750000000007 0.009416666666666629
0 0.397640625 0.8370416666666666 0.02639062499999998 0.014874999999999972
0 0.352703125 0.833125 0.010578124999999971 0.009854166666666704
0 0.440140625 0.8766458333333333 0.03978125000000006 0.00962500000000001
0 0.416734375 0.8594166666666666 0.042624999999999955 0.012312499999999933
0 0.42554687500000005 0.8956666666666667 0.007546875000000064 0.00872916666666678
0 0.435859375 0.8889583333333333 0.009062499999999928 0.006500000000000009
0 0.55359375 0.8852708333333333 0.021656250000000023 0.008500000000000086
0 0.585234375 0.8919791666666667 0.016109374999999915 0.009854166666666704
0 0.57146875 0.9309166666666666 0.021484375 0.009854166666666704
0 0.520453125 0.9380833333333333 0.011406249999999929 0.01208333333333324
0 0.609078125 0.8800208333333334 0.031218750000000028 0.0132083333333334
0 0.631890625 0.9021666666666667 0.042624999999999955 0.023499999999999945
0 0.653296875 0.8654583333333333 0.0068749999999999645 0.007374999999999924
0 0.641375 0.8692708333333333 0.009234374999999951 0.00872916666666678
0 0.60596875 0.8361458333333334 0.011921874999999993 0.012312499999999933
0 0.55946875 0.8542708333333333 0.046484375 0.011416666666666705
0 0.541015625 0.8207083333333334 0.01896874999999998 0.00827083333333339
0 0.71153125 0.7617499999999999 0.008562500000000028 0.01118750000000001
0 0.68828125 0.7560416666666666 0.010062500000000085 0.007833333333333314
0 0.73721875 0.7525625 0.00990625000000005 0.010749999999999933
0 0.7572656249999999 0.806625 0.008406249999999994 0.00872916666666678
0 0.852625 0.7620208333333333 0.010734374999999829 0.015666666666666627
0 0.9233750000000001 0.7983333333333333 0.016000000000000014 0.007937499999999886
0 0.882859375 0.7876666666666666 0.007156249999999887 0.011125000000000067
0 0.9360625 0.8193333333333332 0.014468749999999985 0.01270833333333338
0 0.9298437500000001 0.7706458333333334 0.01192187500000017 0.010666666666666677
0 0.8300625 0.7432916666666666 0.014296875000000143 0.011812499999999915
0 0.832203125 0.7674583333333334 0.028781250000000112 0.010666666666666677
0 0.7863125 0.6801666666666667 0.009187499999999993 0.006812499999999962
0 0.780953125 0.6974374999999999 0.007656249999999964 0.007270833333333352
0 0.83203125 0.6948124999999999 0.006984375000000043 0.007041666666666657
0 0.7710625 0.741125 0.01821874999999995 0.01204166666666661
0 0.613640625 0.7626041666666666 0.013218750000000057 0.01114583333333338
0 0.577109375 0.7140208333333333 0.006609375000000028 0.009854166666666704
0 0.532515625 0.6978333333333333 0.008359375000000035 0.009583333333333381
0 0.558640625 0.6640208333333334 0.012437500000000056 0.007770833333333371
0 0.3815 0.7986458333333334 0.013640625000000028 0.013583333333333296
0 0.3561875 0.8132708333333334 0.009328125000000043 0.012895833333333447
0 0.3771875 0.8259375 0.011921874999999993 0.010125000000000028
0 0.3368125 0.8574583333333333 0.03454687500000002 0.03333333333333333
0 0.303578125 0.8764375 0.01353125000000004 0.008791666666666724
0 0.243609375 0.7955416666666667 0.01821875000000004 0.011812499999999915
0 0.19309375 0.7965833333333333 0.00954687500000002 0.009729166666666582
0 0.29178125 0.8159166666666666 0.06387499999999999 0.027541666666666725
0 0.283703125 0.8376666666666667 0.10604687500000001 0.014124999999999943
0 0.2150625 0.8230833333333333 0.0444375 0.015041666666666724
0 0.30095312500000004 0.9886874999999999 0.008140624999999967 0.014041666666666685
0 0.36384375 0.9856250000000001 0.007156249999999975 0.013770833333333362
0 0.32440625 0.9556875 0.011328125 0.009000000000000103
0 0.36265625 0.9131874999999999 0.006109375000000039 0.010875000000000056
0 0.37378125 0.8994791666666667 0.01171875 0.008833333333333353
0 0.41990625000000004 0.9753541666666667 0.005781250000000071 0.01154166666666659
0 0.51103125 0.9929375 0.01750000000000007 0.01410416666666663
0 0.49634375000000003 0.9895208333333334 0.012234375000000065 0.009062500000000048
0 0.458203125 0.989625 0.009687500000000071 0.009291666666666743
0 0.582125 0.965625 0.012562499999999944 0.009291666666666743
0 0.660171875 0.9648333333333333 0.005937499999999929 0.015854166666666693
0 0.61975 0.9655 0.01953125 0.016749999999999925
0 0.6025 0.9422916666666666 0.010875000000000056 0.009729166666666582
0 0.9480625 0.9862291666666666 0.014593749999999872 0.00987500000000002
0 0.696 0.65925 0.008312500000000079 0.00716666666666678
0 0.5910624999999999 0.6705625000000001 0.0053750000000000854 0.008041666666666695
0 0.453625 0.8419583333333333 0.010109375000000042 0.008041666666666695
0 0.339078125 0.7868958333333332 0.014671874999999978 0.007395833333333239
0 0.12603124999999998 0.816875 0.011890625000000021 0.013479166666666724
0 0.036984375 0.9105208333333333 0.011734374999999997 0.02389583333333339
0 0.06475 0.7664791666666667 0.013234374999999998 0.008437499999999905
0 0.10053125 0.7479375 0.008062499999999995 0.009729166666666582
0 0.10340625 0.7912916666666666 0.017656250000000005 0.009979166666666591
0 0.02225 0.6947291666666667 0.008437500000000004 0.009729166666666582
0 0.022734375 0.7258125 0.0166875 0.008437499999999905
0 0.029734375 0.7168541666666666 0.006906250000000003 0.01047916666666661
0 0.512328125 0.8766666666666667 0.02257812500000007 0.011999999999999981
0 0.539890625 0.9173749999999999 0.009953125000000007 0.009687499999999953
0 0.46764062500000003 0.880875 0.008609374999999985 0.025
0 0.40171875 0.8723333333333334 0.009562500000000007 0.011999999999999981
0 0.382765625 0.9339583333333333 0.00803124999999998 0.009187499999999934
0 0.291484375 0.9019375000000001 0.022968749999999982 0.014041666666666685
0 0.217046875 0.9026875000000001 0.008328124999999974 0.00827083333333339
0 0.17579687500000002 0.9162291666666668 0.012187500000000018 0.03818750000000008
