0 0.761328125 0.8203958333333333 0.028640625000000065 0.014416666666666581
0 0.9506249999999999 0.9497708333333333 0.014640624999999829 0.011875000000000096
0 0.939328125 0.9141458333333333 0.020671875000000027 0.011020833333333258
0 0.8036406250000001 0.8602708333333333 0.04899999999999993 0.00847916666666677
0 0.7781874999999999 0.8420208333333333 0.04645312499999994 0.010187499999999971
0 0.7295625 0.971625 0.00795312500000005 0.013041666666666648
0 0.871078125 0.9858333333333333 0.03245312499999997 0.024604166666666552
0 0.86328125 0.9754375 0.0149531249999999 0.00891666666666661
0 0.992328125 0.9103125 0.015343749999999901 0.011020833333333258
0 0.381453125 0.9629166666666666 0.021640625000000035 0.010187499999999971
0 0.43125 0.9582499999999999 0.06331249999999997 0.010187499999999971
0 0.36698437500000003 0.8507291666666668 0.039765624999999985 0.00891666666666661
0 0.08940624999999999 0.6873958333333333 0.052812500000000005 0.014854166666666658
0 0.9528125 0.8752916666666667 0.015218750000000014 0.005729166666666666
0 0.906875 0.9023541666666667 0.012296874999999829 0.007291666666666667
0 0.87653125 0.861 0.020671875000000027 0.0067708333333333336
0 0.9181874999999999 0.8694375 0.022046874999999844 0.0070208333333333425
0 0.9890625 0.8833333333333333 0.021875 0.0125
0 0.814203125 0.9790833333333333 0.03140624999999995 0.016125000000000018
0 0.7381249999999999 0.8842708333333333 0.011906250000000007 0.0075416666666666765
0 0.8009375000000001 0.874 0.010343749999999919 0.00625
0 0.630140625 0.9785625 0.019125000000000014 0.0078125
0 0.5493750000000001 0.9727083333333333 0.02106250000000003 0.0075416666666666765
0 0.56321875 0.8618958333333333 0.010531250000000015 0.0070208333333333425
0 0.522453125 0.8567083333333334 0.009359375000000014 0.008583333333333342
0 0.46693749999999995 0.8509791666666667 0.015796875000000023 0.0070208333333333425
0 0.45328125 0.8133958333333333 0.013078125000000006 0.007291666666666667
