0 0.8501488095238094 0.49394531250000007 0.021130952380952448 0.014453125000000011
0 0.8290178571428571 0.49296875 0.011011904761904898 0.01171875
0 0.5725595238095238 0.7303515625 0.014702380952380946 0.02207031249999991
0 0.7241071428571428 0.9951171875 0.019642857142857212 0.009765625
0 0.7505952380952381 0.971484375 0.016666666666666736 0.012499999999999956
0 0.5489583333333333 0.80703125 0.01220238095238102 0.015625
0 0.3555059523809524 0.540625 0.011011904761904728 0.013281249999999911
0 0.5470238095238096 0.749609375 0.015476190476190442 0.010156250000000089
0 0.48750000000000004 0.8193359375 0.010714285714285782 0.012890625000000044
0 0.4428571428571429 0.884375 0.013095238095238028 0.014062500000000089
