0 0.9341875 0.691796875 0.034250000000000114 0.03101562499999999
0 0.11240625 0.1665234375 0.028843750000000012 0.023125000000000007
0 0.6719999999999999 0.855234375 0.017593749999999984 0.018593749999999964
0 0.7384999999999999 0.8459375 0.024343750000000063 0.02253906249999993
0 0.6611875 0.6453125 0.02659374999999997 0.0338281250000001
0 0.629625 0.582734375 0.014874999999999972 0.03042968750000008
0 0.89121875 0.716484375 0.01171875 0.03683593750000003
0 0.7033750000000001 0.6762890625 0.016781250000000015 0.02613281249999999
0 0.64325 0.8471484375 0.021749999999999936 0.023867187500000053
0 0.56875 0.6653125 0.018062499999999915 0.019257812500000027
0 0.8340937500000001 0.65171875 0.01700000000000017 0.022421875000000036
0 0.7494375 0.67671875 0.019500000000000028 0.018867187499999938
0 0.7233125 0.788671875 0.023281249999999965 0.06335937499999988
