0 0.8557142857142856 0.848203125 0.11705357142857155 0.1298828125
0 0.6595535714285715 0.69984375 0.04119047619047612 0.03230468749999993
0 0.2112202380952381 0.593359375 0.2597023809523809 0.09624999999999995
0 0.03163690476190476 0.9737109375 0.030148809523809522 0.05257812499999992
0 0.06529761904761905 0.9753515625 0.01809523809523809 0.04929687500000002
0 0.3862797619047619 0.87953125 0.0743452380952381 0.08437500000000009
0 0.3576488095238095 0.87984375 0.03315476190476195 0.030976562500000027
0 0.40059523809523806 0.9223828125 0.02663690476190473 0.04351562499999995
0 0.47294642857142855 0.9885546875 0.037678571428571506 0.022890625000000053
0 0.6974702380952381 0.83171875 0.0185714285714286 0.024375000000000036
