0 0.7889062499999999 0.941484375 0.021437500000000043 0.015273437500000098
0 0.8491562500000001 0.9333984375 0.03562499999999993 0.02402343749999991
0 0.74390625 0.7440625 0.015468749999999965 0.015820312500000044
0 0.5165 0.7250390625 0.04265624999999993 0.03750000000000009
0 0.59971875 0.669921875 0.045937499999999964 0.02578125000000009
0 0.648 0.60046875 0.022499999999999964 0.019335937499999956
0 0.5868125 0.5272265625 0.03328124999999993 0.021679687500000044
0 0.86521875 0.2196484375 0.13321875 0.026992187499999987
0 0.8277812499999999 0.8767578125 0.02953125000000014 0.025195312499999956
0 0.483 0.8394921875 0.047812500000000036 0.04367187500000003
0 0.50859375 0.671328125 0.03328124999999993 0.02546874999999993
0 0.31971875 0.354765625 0.03631250000000001 0.0234375
0 0.132125 0.438203125 0.024843750000000008 0.02472656250000005
0 0.27137500000000003 0.309296875 0.023468749999999972 0.029335937499999964
0 0.0209375 0.08546875 0.025312499999999998 0.03511718750000001
0 0.07503125000000001 0.02703125 0.032218750000000004 0.0322265625
0 0.24975 0.1346484375 0.03174999999999999 0.025312500000000016
0 0.29025 0.1490234375 0.04096875000000004 0.03105468750000001
0 0.41200000000000003 0.2206640625 0.02668750000000002 0.01785156250000003
0 0.72959375 0.24390625 0.02518750000000001 0.019492187500000008
0 0.60371875 0.3273046875 0.024156250000000056 0.023906250000000018
0 0.41593749999999996 0.7485546875 0.012718749999999978 0.014218749999999947
