0 0.76375 0.6883984375 0.03878125000000008 0.033242187499999964
0 0.46643749999999995 0.575546875 0.027718750000000014 0.023085937500000098
0 0.49000000000000005 0.640234375 0.02949999999999999 0.018437500000000107
0 0.74928125 0.4891796875 0.03390625000000007 0.029648437500000013
0 0.7105 0.5148828125 0.048499999999999946 0.05121093750000005
0 0.9827187500000001 0.49640625 0.03456249999999983 0.021601562500000004
0 0.8531875 0.668359375 0.037531249999999974 0.01734374999999999
0 0.9035 0.66765625 0.04353124999999984 0.01781250000000001
0 0.9911562500000001 0.663203125 0.0176874999999999 0.01546874999999992
0 0.6603125000000001 0.64453125 0.016249999999999966 0.018750000000000044
0 0.7440625 0.6146484375 0.013749999999999929 0.016796875000000044
0 0.57640625 0.6685546875 0.020937499999999963 0.018359374999999956
0 0.22749999999999998 0.774609375 0.023125000000000017 0.01718749999999991
0 0.406875 0.6513671875 0.046875 0.021484375
