0 0.316703125 0.9204791666666666 0.01160937500000001 0.0770416666666667
0 0.56453125 0.903625 0.12420312500000001 0.03325000000000008
0 0.44925 0.9072083333333333 0.014906249999999944 0.012395833333333429
0 0.770625 0.959375 0.030312499999999964 0.011083333333333438
0 0.8885937500000001 0.8604375 0.054031249999999885 0.05704166666666666
0 0.927109375 0.8638541666666666 0.022984375000000057 0.026083333333333295
0 0.844703125 0.7422708333333333 0.019062500000000072 0.013041666666666648
0 0.8173281250000001 0.8679791666666666 0.01700000000000017 0.022458333333333278
0 0.2775625 0.9641458333333334 0.02421875 0.01793750000000003
0 0.1595625 0.8442916666666667 0.009796875000000016 0.008437499999999905
0 0.7125781250000001 0.9073958333333334 0.009843749999999929 0.009375
0 0.678203125 0.9229166666666667 0.011406249999999929 0.011666666666666714
