0 0.06559374999999999 0.7209765625 0.010062499999999997 0.016640624999999964
0 0.13184374999999998 0.7015234375 0.04631249999999998 0.01871093750000008
0 0.6274375 0.84859375 0.012562499999999944 0.01667968749999993
0 0.6260625 0.9318359375 0.013749999999999929 0.014257812499999911
0 0.66709375 0.9455859375 0.014937499999999914 0.01621093749999991
0 0.70775 0.9573828125 0.011406249999999929 0.015234374999999911
0 0.6765625 0.994140625 0.009375 0.01171875
0 0.6453125 0.9883203125 0.013749999999999929 0.015234374999999911
0 0.88828125 0.8771484375 0.024687499999999928 0.02773437500000009
0 0.9203125 0.876953125 0.0125 0.01718749999999991
0 0.91640625 0.8373046875 0.013437499999999858 0.014453124999999956
0 0.7696562499999999 0.579609375 0.038124999999999964 0.02675781250000009
0 0.98171875 0.9328125 0.0140625 0.014843750000000044
0 0.99640625 0.9177734375 0.007187499999999858 0.012109375000000089
