0 0.36503125000000003 0.7215416666666666 0.007656249999999964 0.025624999999999905
0 0.264765625 0.8645833333333334 0.03464062500000002 0.03814583333333322
0 0.222625 0.8848541666666667 0.011171874999999965 0.04470833333333341
0 0.637375 0.738375 0.04806249999999999 0.036666666666666715
0 0.7709374999999999 0.7377708333333334 0.040687499999999946 0.04560416666666664
0 0.728125 0.8577291666666667 0.010500000000000042 0.01072916666666662
0 0.900140625 0.9924999999999999 0.017437500000000127 0.015000000000000095
0 0.8791249999999999 0.9458125000000001 0.010734374999999829 0.011020833333333258
0 0.76221875 0.580875 0.040687499999999946 0.04410416666666658
0 0.5914531249999999 0.5921875 0.012078125000000028 0.01310416666666659
0 0.584171875 0.5765416666666667 0.029281250000000016 0.03189583333333322
0 0.17099999999999999 0.8157083333333334 0.011171875000000008 0.023833333333333446
0 0.009281250000000001 0.8093125000000001 0.018546874999999997 0.015208333333333239
0 0.05721875 0.9283750000000001 0.008937499999999998 0.011333333333333447
0 0.036546875 0.769375 0.008265624999999999 0.011020833333333258
0 0.025921875 0.7391249999999999 0.008937499999999998 0.014895833333333285
0 0.09164062499999999 0.8397083333333334 0.022359374999999994 0.0211666666666666
0 0.247890625 0.7838333333333334 0.016093750000000018 0.02504166666666663
0 0.21190625000000002 0.7646041666666666 0.0075937500000000215 0.016395833333333342
0 0.189890625 0.6510625 0.016312499999999997 0.00983333333333339
0 0.255375 0.6668541666666666 0.015421875000000007 0.037854166666666585
0 0.217046875 0.6905416666666666 0.03665624999999999 0.03695833333333335
0 0.380109375 0.5912916666666667 0.008718749999999975 0.011333333333333447
0 0.70234375 0.5204166666666666 0.03656249999999996 0.013750000000000047
0 0.912671875 0.9792708333333333 0.007718750000000085 0.0125
0 0.9838906250000001 0.9183541666666667 0.020765624999999944 0.01029166666666678
0 0.995296875 0.8677499999999999 0.007906249999999915 0.008083333333333324
0 0.8348437499999999 0.8172083333333333 0.008984375 0.008854166666666666
0 0.60825 0.6265625 0.039921874999999926 0.021291666666666723
0 0.638140625 0.6778958333333333 0.008156250000000042 0.012770833333333323
0 0.471875 0.6766041666666667 0.043296875000000054 0.015854166666666693
0 0.5852031249999999 0.9090208333333333 0.008999999999999985 0.01229166666666662
0 0.5710625 0.9689166666666666 0.00728124999999995 0.009708333333333267
0 0.523359375 0.9613333333333334 0.009218749999999965 0.019729166666666725
0 0.4920625 0.8635833333333333 0.010078125000000071 0.015145833333333296
0 0.47512499999999996 0.8434375000000001 0.008359375000000035 0.010854166666666743
0 0.658734375 0.9757708333333334 0.00728124999999995 0.016583333333333408
0 0.6401875 0.9880625 0.007937500000000064 0.01314583333333322
0 0.783375 0.8835833333333334 0.006640625 0.011708333333333343
0 0.5943125 0.8248541666666667 0.020796874999999916 0.022875000000000038
