0 0.3230654761904762 0.9271484375 0.05279761904761907 0.040976562500000036
0 0.4141666666666667 0.896875 0.04014880952380955 0.033164062500000036
0 0.4023214285714286 0.693046875 0.07458333333333333 0.023007812499999947
0 0.724672619047619 0.6511328125 0.08985119047619056 0.04894531249999989
0 0.8704464285714286 0.6062890625 0.08985119047619064 0.061562499999999964
0 0.824702380952381 0.6478125 0.07175595238095242 0.025937499999999947
0 0.7399404761904762 0.8387890625 0.04690476190476188 0.026679687499999938
0 0.08645833333333333 0.924453125 0.046339285714285715 0.021523437499999964
0 0.5133630952380953 0.782421875 0.037857142857142936 0.029648437499999902
0 0.8992857142857144 0.66671875 0.027678571428571292 0.02816406249999992
0 0.6769345238095238 0.596640625 0.03842261904761912 0.0185546875
