0 0.9210625 0.765234375 0.028531249999999987 0.01480468750000008
0 0.8899374999999999 0.700390625 0.021875 0.015742187499999893
0 0.99396875 0.681171875 0.012031250000000071 0.017148437499999947
0 0.639625 0.90140625 0.01853125000000002 0.013906250000000009
0 0.0203125 0.60546875 0.040625 0.015625
0 0.11174999999999999 0.573828125 0.031312499999999986 0.03003906249999999
0 0.68875 0.424453125 0.02575000000000003 0.014257812500000022
0 0.54025 0.4 0.025437499999999957 0.017539062500000036
0 0.47990625 0.4387109375 0.044343749999999994 0.013437499999999991
0 0.679125 0.6327734375 0.023531249999999913 0.014960937499999938
0 0.6113125 0.6392578125 0.014750000000000086 0.024921874999999982
0 0.5387187499999999 0.6662109375 0.026468750000000086 0.014843750000000044
0 0.324125 0.7612109375 0.01171875 0.021015624999999982
