0 0.6689375 0.9896458333333332 0.031937500000000084 0.018770833333333313
0 0.44818749999999996 0.9854583333333333 0.05154687500000001 0.025145833333333437
0 0.49971875 0.8798541666666666 0.04751562499999995 0.019770833333333352
0 0.412734375 0.8815208333333333 0.025890625000000035 0.020458333333333436
0 0.31153125 0.8791875 0.03973437500000001 0.02112499999999997
0 0.127359375 0.9140416666666666 0.049531249999999985 0.013750000000000047
0 0.177890625 0.9140416666666666 0.04500000000000002 0.013083333333333277
0 0.16859375000000001 0.8967916666666667 0.033937499999999995 0.02614583333333324
0 0.00465625 0.9934791666666667 0.009296875 0.013041666666666648
0 0.07279687500000001 0.9582916666666667 0.013328125000000001 0.011062499999999887
0 0.1199375 0.8865625 0.042234375000000005 0.02312500000000005
0 0.07078124999999999 0.8810208333333333 0.01734374999999999 0.01072916666666662
0 0.06021875 0.9239375 0.020874999999999998 0.012729166666666696
0 0.033187499999999995 0.8795208333333334 0.015093750000000006 0.011729166666666657
0 0.23646875 0.8518541666666667 0.04400000000000004 0.019437500000000087
0 0.2306875 0.8159791666666667 0.020359374999999957 0.01341666666666678
0 0.254828125 0.8138124999999999 0.013328124999999958 0.011729166666666657
0 0.364828125 0.8582291666666666 0.01960937500000002 0.015416666666666618
0 0.348234375 0.8786875 0.02414062499999998 0.014750000000000086
0 0.364328125 0.8384583333333333 0.017093749999999998 0.012729166666666696
0 0.40493750000000006 0.8257083333333333 0.041484374999999976 0.02145833333333324
0 0.44126562500000005 0.8376041666666667 0.04073437500000008 0.017770833333333277
0 0.430453125 0.7735833333333333 0.013078125000000006 0.009041666666666733
0 0.539328125 0.8361041666666666 0.017593749999999984 0.014083333333333314
0 0.613875 0.8412916666666667 0.04551562499999999 0.03452083333333344
0 0.6836562500000001 0.8619166666666668 0.07543749999999996 0.027500000000000094
0 0.7750468749999999 0.83375 0.03746875000000003 0.025479166666666705
0 0.653484375 0.8344374999999999 0.02364062499999999 0.025479166666666705
0 0.644671875 0.9640000000000001 0.014078124999999986 0.016416666666666656
0 0.65284375 0.97875 0.016343750000000056 0.008374999999999962
0 0.46025 0.9358333333333333 0.016343750000000056 0.011729166666666657
0 0.21145312500000002 0.9177291666666666 0.008046874999999964 0.013083333333333277
0 0.13225 0.8528749999999999 0.02414062499999998 0.018770833333333313
0 0.319578125 0.8431458333333333 0.010562499999999985 0.01072916666666662
0 0.9253750000000001 0.8474583333333333 0.01739062500000017 0.012375000000000113
0 0.890109375 0.8615625 0.022328124999999942 0.008958333333333238
