0 0.8908437499999999 0.456953125 0.01656249999999986 0.021679687500000044
0 0.84884375 0.326875 0.021187499999999915 0.01878906250000001
0 0.74109375 0.3471484375 0.026687500000000065 0.01781250000000001
0 0.9076875 0.188125 0.02778124999999996 0.015078124999999998
0 0.9032500000000001 0.16375 0.020531250000000157 0.01859375000000002
0 0.85878125 0.298046875 0.016093749999999928 0.03371093749999998
0 0.72578125 0.2978125 0.07606249999999992 0.020117187500000022
0 0.9588749999999999 0.2687109375 0.011374999999999958 0.020078124999999947
0 0.94240625 0.3894921875 0.019999999999999928 0.015664062499999964
0 0.9641562499999999 0.31234375 0.016468749999999942 0.017148437499999947
0 0.80840625 0.4224609375 0.012875000000000015 0.018203124999999987
0 0.2734375 0.24472656250000002 0.02999999999999998 0.016015625000000006
0 0.38734375 0.2615234375 0.05906250000000002 0.014453124999999956
0 0.8598750000000001 0.1683203125 0.013500000000000156 0.015195312500000002
0 0.93 0.2759765625 0.016874999999999928 0.013671875
