0 0.97165625 0.5254375 0.02503124999999997 0.0137083333333333
0 0.7961406249999999 0.449625 0.02206249999999992 0.008999999999999985
0 0.821375 0.44895833333333335 0.012124999999999986 0.009812499999999957
0 0.40934375 0.4648541666666667 0.024249999999999973 0.01139583333333339
0 0.5248437499999999 0.338125 0.006562500000000071 0.008749999999999977
0 0.47671875 0.32760416666666664 0.0046875 0.007291666666666667
0 0.703125 0.3264583333333333 0.01125000000000007 0.007500000000000047
0 0.9450156249999999 0.46658333333333335 0.007531249999999901 0.008124999999999953
0 0.8496406249999999 0.4701875 0.016328125000000072 0.009083333333333362
0 0.78665625 0.4884791666666667 0.025296875000000087 0.009812499999999957
0 0.762109375 0.4877083333333333 0.006406250000000035 0.007500000000000047
0 0.6803125 0.3828125 0.00625 0.007708333333333309
