0 0.70625 0.7583333333333333 0.00625 0.016666666666666666
0 0.59828125 0.9460416666666667 0.01218749999999993 0.013750000000000047
0 0.75859375 0.9070833333333332 0.015312499999999929 0.019166666666666762
0 0.756875 0.8879166666666667 0.01125000000000007 0.014166666666666572
0 0.445625 0.9139583333333333 0.01062499999999993 0.014583333333333334
0 0.81125 0.8770833333333333 0.010000000000000142 0.014166666666666572
0 0.72 0.8529166666666667 0.01125000000000007 0.016666666666666666
0 0.7928124999999999 0.8137500000000001 0.01062499999999993 0.01583333333333338
0 0.92015625 0.7979166666666667 0.0109375 0.016666666666666666
0 0.92734375 0.7772916666666667 0.009062499999999928 0.009583333333333381
