0 0.46928125 0.7837890625 0.021218750000000064 0.0146484375
0 0.6849062499999999 0.74203125 0.03981250000000003 0.025351562500000036
0 0.75453125 0.8826171875 0.013937499999999936 0.012656250000000036
0 0.75771875 0.9691015625 0.14318749999999997 0.0550390624999999
0 0.8216875 0.9259375 0.017749999999999842 0.016250000000000098
0 0.8577187500000001 0.731796875 0.03434375000000003 0.019414062500000107
0 0.3584375 0.7845703125 0.026874999999999982 0.01601562500000009
0 0.7709374999999999 0.93515625 0.01875 0.02578125000000009
0 0.6041875 0.7365234375 0.016999999999999994 0.011406250000000062
0 0.5589999999999999 0.7826171875 0.04631249999999998 0.020859374999999902
0 0.51409375 0.8863671875 0.050406249999999986 0.02597656249999991
0 0.5287499999999999 0.836953125 0.03559374999999996 0.01773437500000008
0 0.16071875 0.7990625 0.04034374999999999 0.02304687499999991
0 0.27528125000000003 0.7264453125 0.027874999999999962 0.01781250000000001
0 0.4 0.7849609375 0.022499999999999964 0.014453124999999956
0 0.45390625 0.7322265625 0.024062499999999966 0.01601562500000009
0 0.2055625 0.8265625 0.12265625 0.013710937499999964
0 0.210875 0.80765625 0.032906250000000005 0.024921874999999982
0 0.28515625 0.761953125 0.03856250000000001 0.01578125000000008
0 0.213375 0.935625 0.014625000000000022 0.024101562500000062
