0 0.09970238095238096 0.96875 0.026785714285714284 0.0625
0 0.15898809523809523 0.92078125 0.03482142857142858 0.01992187500000009
0 0.29428571428571426 0.98734375 0.06520833333333333 0.025273437500000107
0 0.3659523809523809 0.86125 0.03687500000000005 0.020546874999999964
0 0.7527678571428572 0.8477734375 0.0750595238095239 0.02613281249999999
0 0.854107142857143 0.9923046875 0.023809523809523808 0.015390624999999991
0 0.782797619047619 0.7764453125 0.030684523809523648 0.01968750000000008
0 0.8289583333333332 0.81671875 0.03229166666666673 0.018828124999999973
0 0.9364880952380953 0.916484375 0.024791666666666788 0.016289062500000062
0 0.9213095238095238 0.82078125 0.02511904761904778 0.023554687499999893
0 0.06907738095238096 0.9730078125 0.019732142857142865 0.01839843749999992
0 0.08208333333333333 0.95671875 0.019494047619047612 0.015742187499999893
0 0.9830059523809525 0.79875 0.03372023809523822 0.014296875000000098
0 0.8816369047619048 0.779921875 0.03264880952380961 0.013789062499999893
