0 0.32565625 0.6565234375 0.01540625000000002 0.01968750000000008
0 0.20540625 0.608359375 0.01953125 0.025273437500000107
0 0.17234375 0.6310546875 0.05481250000000002 0.05523437499999995
0 0.11921875 0.7728125 0.02331249999999998 0.02613281249999999
0 0.20299999999999999 0.73296875 0.018156250000000006 0.027851562499999982
0 0.035625000000000004 0.8064453125 0.0219375 0.020546874999999964
0 0.18159375 0.833203125 0.01575000000000002 0.039843749999999956
0 0.16359375 0.76359375 0.020906249999999994 0.017148437499999947
0 0.4186875 0.642421875 0.10140624999999996 0.030820312499999947
0 0.40718750000000004 0.6021484375 0.11956249999999997 0.04796874999999989
0 0.61878125 0.638125 0.05549999999999997 0.04710937500000001
0 0.49153125 0.3758984375 0.1006874999999999 0.038281250000000044
0 0.74453125 0.46234375 0.042906250000000055 0.047070312500000044
0 0.76475 0.6105078125 0.04431250000000002 0.04171875000000003
0 0.72175 0.742734375 0.017593749999999984 0.015976562499999902
0 0.57540625 0.7225 0.014406250000000042 0.01750000000000007
0 0.073625 0.8896875 0.01824999999999999 0.03335937500000008
0 0.12275 0.8894921875 0.022624999999999985 0.03882812499999999
