0 0.2857142857142857 0.551171875 0.010714285714285697 0.014843750000000044
0 0.29836309523809523 0.53671875 0.012202380952380935 0.016406249999999956
0 0.32127976190476193 0.53046875 0.009821428571428606 0.013281249999999911
0 0.5508928571428571 0.4587890625 0.013690476190476258 0.012890625000000044
0 0.2386904761904762 0.72265625 0.00952380952380949 0.012499999999999956
0 0.039732142857142855 0.7158203125 0.013988095238095235 0.012890625000000044
0 0.3699404761904762 0.6109375 0.010714285714285697 0.01953125
0 0.2877976190476191 0.5958984375 0.025000000000000015 0.03164062500000009
0 0.530952380952381 0.47265625 0.010714285714285782 0.01171875
0 0.28660714285714284 0.7583984375 0.020833333333333332 0.012109375000000089
0 0.2877976190476191 0.671875 0.013690476190476173 0.010156250000000089
0 0.4061011904761904 0.5853515625 0.010416666666666666 0.012890625000000044
