0 0.52678125 0.7034765625 0.027999999999999935 0.010976562500000009
0 0.2134375 0.724765625 0.02387499999999996 0.024296875000000107
0 0.8739062499999999 0.66953125 0.024312499999999914 0.016562500000000036
0 0.7643125000000001 0.7374609375 0.03315625000000004 0.024296875000000107
0 0.9421875 0.831953125 0.013250000000000029 0.01546874999999992
0 0.66290625 0.5976953125 0.059218749999999966 0.02320312499999999
0 0.49340624999999994 0.6405078125 0.021656250000000023 0.01382812500000008
0 0.59578125 0.62 0.013562499999999922 0.013710937499999964
0 0.86390625 0.5806640625 0.01656249999999986 0.016796875000000044
0 0.67859375 0.7033203125 0.0140625 0.017578125
0 0.603125 0.7025390625 0.021250000000000036 0.012109375000000089
0 0.64921875 0.6765625 0.0171875 0.012499999999999956
0 0.553125 0.6294921875 0.013124999999999965 0.012109375000000089
0 0.07890625 0.3892578125 0.03968750000000001 0.016796875000000044
0 0.14390624999999999 0.3484375 0.02218749999999998 0.014062499999999978
0 0.383875 0.343046875 0.019718750000000007 0.013164062500000018
0 0.41328125 0.343046875 0.018062499999999915 0.012343749999999987
0 0.58534375 0.339765625 0.04468750000000003 0.014804687499999969
0 0.65453125 0.4068359375 0.014687499999999964 0.014453124999999956
0 0.285875 0.58046875 0.029875000000000006 0.02164062500000008
0 0.5473125 0.5183203125 0.012593749999999914 0.014531250000000107
0 0.561375 0.5445703125 0.014874999999999972 0.016171874999999947
0 0.9099375000000001 0.486796875 0.012593749999999914 0.029101562499999956
0 0.752375 0.643359375 0.020031250000000077 0.02140625000000007
0 0.9628125000000001 0.6716796875 0.009375 0.012109375000000089
