0 0.6931875 0.49122916666666666 0.012296875000000007 0.010270833333333347
0 0.73571875 0.64725 0.02659374999999997 0.02418750000000003
0 0.908140625 0.43997916666666664 0.014468749999999985 0.007874999999999943
0 0.849671875 0.4276666666666667 0.00723437500000017 0.007104166666666719
0 0.5779687499999999 0.424375 0.008437499999999964 0.004166666666666667
0 0.34375 0.45 0.0078125 0.008333333333333333
0 0.2584375 0.42364583333333333 0.010625000000000018 0.007708333333333309
0 0.23390624999999998 0.4242708333333333 0.024375000000000036 0.008958333333333356
0 0.197578125 0.4605208333333334 0.011718749999999977 0.009791666666666643
0 0.196109375 0.4073541666666667 0.02054687500000001 0.014729166666666653
0 0.18284375 0.6290833333333333 0.007203125000000021 0.009604166666666695
0 0.091546875 0.6302083333333334 0.006531250000000011 0.010041666666666772
0 0.22967187500000003 0.595375 0.01004687500000001 0.0069166666666667705
0 0.158359375 0.5236458333333334 0.009531249999999991 0.007708333333333309
0 0.639140625 0.32927083333333335 0.01171875 0.005208333333333333
0 0.5841406250000001 0.4628125 0.007968750000000035 0.005208333333333333
0 0.6255468750000001 0.40989583333333335 0.006406250000000035 0.008124999999999953
