0 0.83853125 0.7303333333333334 0.0397343750000001 0.04122916666666659
0 0.8765000000000001 0.8310833333333334 0.127734375 0.04627083333333341
0 0.5925 0.9422083333333333 0.028921874999999986 0.022458333333333278
0 0.6272031250000001 0.8845416666666667 0.011812499999999915 0.05597916666666668
0 0.44514062499999996 0.7572500000000001 0.020859375000000034 0.021437499999999925
0 0.10878125000000001 0.5798958333333334 0.041078124999999986 0.027250000000000087
0 0.2924375 0.6637916666666667 0.031953124999999985 0.024625000000000105
0 0.25321875 0.9288124999999999 0.01782812500000004 0.01622916666666659
0 0.43078125 0.9324375 0.028687500000000022 0.01941666666666677
0 0.46621875 0.8391249999999999 0.012609375000000079 0.01072916666666662
0 0.49653125 0.9030208333333333 0.007609375000000007 0.008104166666666638
0 0.985 0.9072708333333334 0.030000000000000072 0.022666666666666658
0 0.119109375 0.956375 0.01468750000000001 0.012770833333333323
0 0.22309375 0.9021666666666667 0.022140625000000025 0.013916666666666562
