0 0.06488095238095239 0.56890625 0.009910714285714281 0.014531250000000107
0 0.23318452380952379 0.6634765625 0.015773809523809558 0.021484375
0 0.15907738095238097 0.6830078125 0.00744047619047619 0.017578125
0 0.165625 0.6640625 0.0068452380952380865 0.014062500000000089
0 0.03601190476190476 0.8669921875 0.012499999999999997 0.01601562500000009
0 0.046130952380952384 0.9396484375 0.024404761904761908 0.018359374999999956
0 0.30223214285714284 0.9896484375 0.011011904761904728 0.020703125000000044
0 0.34092261904761906 0.994140625 0.015773809523809558 0.01171875
0 0.5318452380952381 0.9337890625 0.041666666666666664 0.017578125
0 0.6430059523809524 0.8830078125 0.03482142857142854 0.03945312500000009
0 0.9793154761904762 0.9515625 0.019940476190476324 0.01718749999999991
0 0.9181547619047619 0.740625 0.010119047619047552 0.013281249999999911
0 0.6761904761904761 0.747265625 0.00952380952380949 0.013281249999999911
0 0.719047619047619 0.8265625 0.00952380952380949 0.012499999999999956
0 0.7770833333333333 0.73125 0.011309523809523674 0.02734375
0 0.4169642857142857 0.8017578125 0.0726190476190476 0.022265624999999956
0 0.31860119047619045 0.8390625 0.015773809523809558 0.013281249999999911
0 0.3099702380952381 0.792578125 0.05982142857142855 0.02578125000000009
0 0.18735119047619048 0.6837890625 0.028273809523809524 0.017578125
0 0.346875 0.6498046875 0.021130952380952365 0.01601562500000009
0 0.2337797619047619 0.8501953125 0.009821428571428606 0.01992187500000009
0 0.25104166666666666 0.7189453125 0.012797619047619082 0.011328124999999911
0 0.09270833333333332 0.8046875 0.01101190476190477 0.013281249999999911
0 0.03407738095238095 0.6619140625 0.00744047619047619 0.015234374999999911
0 0.036904761904761905 0.6169921875 0.01488095238095238 0.037890624999999956
0 0.056398809523809525 0.654296875 0.012797619047619039 0.014843750000000044
0 0.07366071428571429 0.8005859375 0.016964285714285723 0.015234374999999911
0 0.052083333333333336 0.9947265625 0.010119047619047614 0.010546874999999956
0 0.08482142857142858 0.882421875 0.01309523809523809 0.016406249999999956
0 0.16770833333333335 0.7953125 0.012797619047619039 0.026562500000000044
0 0.2144345238095238 0.88515625 0.013988095238095204 0.016406249999999956
0 0.17782738095238096 0.958984375 0.011607142857142875 0.013281249999999911
0 0.20074404761904763 0.799609375 0.011607142857142875 0.01718749999999991
0 0.2785714285714286 0.7578125 0.03392857142857145 0.018750000000000044
0 0.14151785714285714 0.7541015625 0.01101190476190477 0.018359374999999956
0 0.23318452380952379 0.7984375 0.011011904761904728 0.014062500000000089
0 0.19776785714285716 0.8625 0.015178571428571411 0.01953125
0 0.13422619047619047 0.8974609375 0.027380952380952388 0.01601562500000009
0 0.08258928571428571 0.93671875 0.021130952380952386 0.03515625
0 0.09122023809523809 0.9892578125 0.022321428571428572 0.017578125
0 0.15208333333333335 0.9900390625 0.023214285714285705 0.016796875000000044
0 0.4008928571428571 0.9517578125 0.033928571428571364 0.041796874999999956
0 0.3444940476190476 0.9408203125 0.01815476190476189 0.02304687499999991
0 0.4549107142857143 0.9146484375 0.023511904761904696 0.01992187500000009
0 0.5001488095238096 0.9330078125 0.019940476190476158 0.025390625
0 0.4913690476190476 0.886328125 0.027380952380952346 0.013281249999999911
0 0.5464285714285714 0.8935546875 0.02440476190476187 0.020703125000000044
0 0.6361607142857143 0.9673828125 0.03125 0.015234374999999911
0 0.7706845238095238 0.915234375 0.01636904761904762 0.02499999999999991
0 0.8883928571428571 0.9931640625 0.015476190476190612 0.013671875
0 0.9052083333333333 0.7357421875 0.013392857142857142 0.01601562500000009
0 0.8885416666666667 0.7451171875 0.012797619047618912 0.016796875000000044
0 0.8513392857142857 0.7255859375 0.01696428571428585 0.020703125000000044
0 0.8212797619047618 0.7203125 0.014583333333333266 0.01796875000000009
0 0.8043154761904762 0.730078125 0.018749999999999864 0.032031249999999956
0 0.7663690476190477 0.76484375 0.011904761904761904 0.015625
0 0.7145833333333333 0.710546875 0.010119047619047552 0.01718749999999991
0 0.4901785714285714 0.725390625 0.012499999999999966 0.01953125
0 0.5119047619047619 0.67421875 0.011904761904761904 0.012499999999999956
0 0.6514880952380953 0.69140625 0.008928571428571428 0.02578125000000009
0 0.6150297619047619 0.6607421875 0.027678571428571462 0.014453124999999956
0 0.30145833333333333 0.8425390625 0.010386904761904788 0.014023437499999902
0 0.39770833333333333 0.890625 0.013511904761904822 0.014453124999999956
