0 0.721734375 0.7808125 0.029281250000000016 0.027541666666666725
0 0.805640625 0.440625 0.022015624999999962 0.010520833333333358
0 0.436875 0.658875 0.015109374999999935 0.02854166666666676
0 0.20284375 0.8339375 0.04214062500000002 0.018729166666666686
0 0.221046875 0.8582083333333334 0.020062499999999962 0.012229166666666676
0 0.655140625 0.44929166666666664 0.021468750000000016 0.011624999999999967
0 0.608484375 0.44633333333333336 0.03145312499999999 0.01416666666666669
0 0.7106250000000001 0.5810625 0.019703125000000023 0.025979166666666723
0 0.64378125 0.569875 0.027531250000000007 0.010145833333333344
0 0.8059843750000001 0.7612083333333334 0.02979687499999999 0.013541666666666667
0 0.92421875 0.5929791666666666 0.051781250000000154 0.021812500000000058
0 0.46754687500000003 0.7286874999999999 0.023531249999999913 0.01743750000000001
