0 0.9268750000000001 0.963984375 0.09171875000000007 0.024101562500000062
0 0.38675000000000004 0.99359375 0.018843750000000003 0.012812499999999893
0 0.3464375 0.7454296875 0.05393749999999997 0.015429687499999956
0 0.694625 0.611875 0.03987499999999997 0.03378906249999991
0 0.65734375 0.7484375 0.0140625 0.01796875000000009
0 0.940625 0.661328125 0.04375 0.01953125
0 0.8505 0.868671875 0.018187500000000155 0.01675781250000008
0 0.83853125 0.9713671875 0.08359375 0.029921875000000098
0 0.29125 0.953515625 0.021656250000000023 0.02367187500000001
0 0.24728124999999998 0.8444140625 0.014874999999999972 0.017773437500000044
0 0.236625 0.8771875 0.02265625 0.03003906249999999
0 0.159 0.8363671875 0.021656249999999978 0.02285156250000009
0 0.00940625 0.49324218749999993 0.0188125 0.01582031249999999
0 0.5943125 0.5944921875 0.027531250000000007 0.02187500000000009
0 0.6271875 0.626875 0.031093749999999965 0.025117187500000027
0 0.73103125 0.6420703125 0.021718749999999964 0.02066406250000008
0 0.5940624999999999 0.9803515625 0.01846875000000008 0.019218750000000062
0 0.465375 0.803671875 0.014000000000000058 0.015390624999999991
0 0.4814375 0.922890625 0.01606249999999996 0.016250000000000098
0 0.46828125 0.9850390625 0.019156249999999986 0.01750000000000007
0 0.55440625 0.8628515625 0.01778124999999999 0.019218750000000062
0 0.5670625 0.9030078125 0.023249999999999993 0.026054687500000062
0 0.5130625 0.9000390625 0.0328125 0.036328125000000044
0 0.6135625 0.9399609375 0.01640625 0.017109374999999982
0 0.4641875 0.8581640625 0.013687499999999986 0.019218750000000062
0 0.9872500000000001 0.798828125 0.011937500000000156 0.018124999999999947
