0 0.323 0.8291015625 0.016031249999999986 0.018242187500000062
0 0.11546875000000001 0.8775390625 0.06468750000000001 0.03085937499999991
0 0.17703125 0.8408203125 0.03468749999999998 0.01601562500000009
0 0.21921875000000002 0.749609375 0.016562500000000036 0.02734375
0 0.2934375 0.7326171875 0.057500000000000016 0.051953125000000044
0 0.34890625000000003 0.7333984375 0.053437499999999985 0.03164062500000009
0 0.241875 0.6220703125 0.018125000000000037 0.012890625000000044
0 0.36984374999999997 0.673046875 0.016562500000000036 0.020312499999999956
0 0.69640625 0.6857421875 0.034062499999999926 0.016796875000000044
0 0.5393749999999999 0.7101953125 0.02062500000000007 0.014726562499999929
0 0.883125 0.6931640625 0.013125000000000142 0.015234374999999911
0 0.17265625 0.5298046875 0.012093750000000014 0.03066406250000009
0 0.08499999999999999 0.6498046875 0.011874999999999991 0.016796875000000044
0 0.1784375 0.5966796875 0.026874999999999982 0.01914062499999991
0 0.32999999999999996 0.6689453125 0.01749999999999998 0.022265624999999956
0 0.3271875 0.6318359375 0.025 0.014453124999999956
0 0.63546875 0.435546875 0.01593750000000007 0.017187500000000022
0 0.49484374999999997 0.6173828125 0.020937499999999963 0.020703125000000044
0 0.3628125 0.6333984375 0.016249999999999966 0.01601562500000009
0 0.06359375 0.88046875 0.018437499999999996 0.0234375
0 0.05328125 0.7947265625 0.04718750000000001 0.06289062500000009
0 0.005625 0.813671875 0.01125 0.018750000000000044
0 0.10953125 0.796484375 0.011562500000000009 0.016406249999999956
0 0.13968750000000002 0.82265625 0.020000000000000018 0.013281249999999911
0 0.11046875 0.8259765625 0.012187500000000018 0.016796875000000044
0 0.0896875 0.7994140625 0.0125 0.013671875
0 0.14703125 0.780859375 0.0171875 0.03281249999999991
0 0.13187500000000002 0.798828125 0.011249999999999982 0.01718749999999991
0 0.589375 0.9404296875 0.01125000000000007 0.014453124999999956
0 0.5371875 0.8880859375 0.013749999999999929 0.017578125
0 0.5396875 0.916796875 0.013749999999999929 0.014843750000000044
0 0.34950000000000003 0.78 0.02315624999999999 0.02222656249999999
