0 0.14270833333333335 0.9730859375 0.013273809523809505 0.01781250000000001
0 0.17633928571428573 0.9382421875 0.011160714285714286 0.013867187500000044
0 0.235625 0.9641796875 0.010863095238095255 0.013476562499999956
0 0.3841964285714286 0.9219921875 0.01779761904761906 0.019414062500000107
0 0.40651785714285715 0.930703125 0.02443452380952375 0.03761718749999998
0 0.505327380952381 0.8681640625 0.024732142857142862 0.019414062500000107
0 0.59375 0.990234375 0.01488095238095238 0.01953125
0 0.7682440476190476 0.9905859375 0.02142857142857148 0.01878906250000001
0 0.9076190476190475 0.8370703125 0.017202380952380872 0.022187500000000027
0 0.9941964285714286 0.832109375 0.009970238095238162 0.011484374999999991
0 0.7883035714285714 0.829921875 0.010267857142857278 0.011093749999999902
0 0.6273511904761905 0.881015625 0.014791666666666748 0.021367187500000107
0 0.6487797619047619 0.806171875 0.013571428571428578 0.013476562499999956
0 0.5368452380952381 0.8693359375 0.026249999999999978 0.016250000000000098
0 0.5336309523809524 0.941796875 0.013095238095238028 0.01796875000000009
0 0.47187500000000004 0.9583984375 0.009821428571428606 0.014453124999999956
0 0.28422619047619047 0.97890625 0.013095238095238113 0.018750000000000044
0 0.3799107142857143 0.876171875 0.009821428571428606 0.013281249999999911
0 0.44747023809523806 0.9767578125 0.01220238095238102 0.014453124999999956
0 0.4288690476190476 0.9501953125 0.016071428571428504 0.024609375000000044
0 0.562202380952381 0.9763671875 0.013095238095238028 0.021484375
0 0.7223214285714286 0.816796875 0.013095238095238028 0.012499999999999956
0 0.7113095238095238 0.9451171875 0.011309523809523844 0.012890625000000044
0 0.8153273809523809 0.858203125 0.013392857142857142 0.014843750000000044
