0 0.447703125 0.46181249999999996 0.09140625 0.03497916666666671
0 0.276265625 0.5368541666666666 0.023328125000000012 0.010749999999999992
0 0.29778125 0.602 0.008265625000000032 0.00933333333333337
0 0.076109375 0.5594583333333334 0.034343750000000006 0.01470833333333322
0 0.106640625 0.533875 0.008906249999999982 0.02006249999999999
0 0.114390625 0.5622916666666666 0.032015625000000006 0.017520833333333267
0 0.105265625 0.6803125 0.01759375 0.012729166666666696
0 0.1343125 0.7194583333333333 0.034140624999999994 0.0384375000000001
0 0.17290624999999998 0.6879375 0.021421875000000014 0.03589583333333337
0 0.008906250000000001 0.8798958333333334 0.017812500000000002 0.016104166666666704
0 0.08884375 0.8476666666666667 0.013140624999999994 0.024604166666666552
0 0.168671875 0.8105 0.019718750000000007 0.025437500000000075
0 0.205140625 0.8106458333333334 0.01165624999999999 0.021770833333333427
0 0.1308125 0.8421666666666667 0.01356250000000001 0.012437500000000056
0 0.081625 0.9567916666666666 0.008484374999999988 0.02120833333333323
0 0.0935 0.949875 0.008906250000000004 0.010187499999999971
0 0.045265625 0.9611666666666667 0.020140625000000002 0.04127083333333322
0 0.078984375 0.8869583333333334 0.009109374999999998 0.01158333333333322
0 0.28475 0.7336041666666666 0.007640624999999979 0.027145833333333275
0 0.308921875 0.8090833333333334 0.008484375000000011 0.007916666666666572
0 0.40592187500000004 0.7588958333333333 0.013781250000000033 0.012145833333333418
0 0.563875 0.7247083333333334 0.04431250000000002 0.03704166666666661
0 0.80978125 0.9057291666666667 0.010640624999999914 0.012020833333333295
0 0.743328125 0.9046458333333334 0.013640625000000028 0.009854166666666704
0 0.8204218750000001 0.77225 0.024046875000000155 0.008937499999999925
0 0.767484375 0.8268125000000001 0.015718749999999913 0.015729166666666572
0 0.698703125 0.7078333333333333 0.04368750000000006 0.05333333333333338
0 0.67940625 0.5555833333333333 0.037453125000000045 0.05025000000000001
0 0.62 0.5001041666666667 0.038843750000000024 0.014479166666666644
0 0.5291406249999999 0.6146041666666666 0.03976562500000007 0.03143750000000007
0 0.561046875 0.6632916666666666 0.012484375000000015 0.012937500000000076
0 0.49596875 0.5691458333333334 0.009937500000000021 0.013874999999999934
0 0.709875 0.848625 0.0125 0.016999999999999935
0 0.65559375 0.8316458333333333 0.010781249999999964 0.009812500000000076
0 0.6129374999999999 0.9208541666666666 0.016171875000000037 0.009812500000000076
0 0.629484375 0.807125 0.011031249999999914 0.0163333333333334
0 0.7093906249999999 0.8100625 0.0125 0.011770833333333286
0 0.75925 0.7806666666666667 0.009312500000000057 0.009145833333333304
0 0.601921875 0.7937291666666667 0.008328125000000065 0.012416666666666742
0 0.6076718750000001 0.8831041666666667 0.020828125000000065 0.02712499999999996
0 0.5196875000000001 0.811875 0.022296874999999973 0.021250000000000095
0 0.5432187500000001 0.80925 0.020343749999999973 0.013395833333333228
0 0.373453125 0.6782916666666666 0.07878124999999998 0.03125
0 0.12915625 0.7944583333333333 0.00954687500000002 0.017749999999999964
0 0.182078125 0.8854791666666666 0.008968750000000015 0.015416666666666618
0 0.11165624999999998 0.8949374999999999 0.02140624999999998 0.02197916666666657
0 0.6456875 0.6784791666666667 0.02553125000000005 0.013833333333333305
0 0.5097968749999999 0.5630624999999999 0.01648437499999993 0.017729166666666647
