0 0.5099375 0.7774609375 0.028843750000000057 0.020859374999999902
0 0.8081250000000001 0.9677734375 0.010000000000000142 0.014453124999999956
0 0.9759375 0.8302734375 0.04812499999999993 0.013671875
0 0.7614062500000001 0.8267578125 0.04468750000000003 0.01992187500000009
0 0.8065625000000001 0.857421875 0.12437499999999994 0.022656250000000044
0 0.88640625 0.800390625 0.05531250000000014 0.014843750000000044
0 0.8881249999999999 0.7640625 0.044375000000000143 0.016406249999999956
0 0.5575 0.81640625 0.05625 0.016406249999999956
0 0.5232812499999999 0.79921875 0.049687499999999926 0.014843750000000044
0 0.10146875 0.8369140625 0.01809375000000001 0.014687499999999964
0 0.26003125 0.8266015625 0.024875000000000026 0.013945312499999973
0 0.4443125 0.8100390625 0.03540624999999995 0.01675781250000008
0 0.6328125 0.9267578125 0.030625000000000034 0.014453124999999956
0 0.7329687500000001 0.89453125 0.059687500000000074 0.020312499999999956
0 0.6185937499999999 0.9392578125 0.027187499999999965 0.015234374999999911
0 0.349375 0.907421875 0.015625 0.012499999999999956
0 0.280625 0.8783203125 0.016249999999999966 0.013671875
0 0.3825 0.9943359375 0.014374999999999982 0.011328124999999911
0 0.39640624999999996 0.970703125 0.0140625 0.015625
0 0.33953125 0.94375 0.0515625 0.014843750000000044
0 0.29546875 0.9580078125 0.015937499999999983 0.016796875000000044
0 0.1240625 0.887890625 0.023749999999999983 0.028124999999999956
0 0.29796875 0.83515625 0.022812500000000034 0.01718749999999991
0 0.41015625 0.7671875 0.0265625 0.022656250000000044
0 0.73703125 0.8095703125 0.034062499999999926 0.01914062499999991
0 0.6793750000000001 0.822265625 0.031874999999999966 0.0234375
0 0.5751875 0.9757421875 0.013843750000000021 0.011132812500000089
0 0.61178125 0.853671875 0.016468749999999942 0.013164062500000018
0 0.6335 0.811640625 0.01909375000000004 0.013984374999999938
0 0.5844375 0.9183203125 0.027687500000000042 0.02718749999999992
0 0.4994375 0.99140625 0.015812500000000007 0.016054687500000053
0 0.10609375000000001 0.739609375 0.016468749999999987 0.014843750000000044
0 0.25878125 0.7533984375 0.02734375 0.012773437499999929
0 0.9154687499999999 0.937890625 0.01781250000000014 0.014062500000000089
0 0.9214062500000001 0.8208984375 0.02843750000000007 0.017578125
0 0.8800000000000001 0.8212890625 0.028750000000000143 0.012890625000000044
0 0.944375 0.9146484375 0.011874999999999858 0.01601562500000009
0 0.9324999999999999 0.876953125 0.013125000000000142 0.026562500000000044
