0 0.03282738095238095 0.8803125 0.04416666666666667 0.020039062499999982
0 0.015476190476190477 0.78875 0.02931547619047619 0.021132812500000098
0 0.19363095238095238 0.8759765625 0.0767857142857143 0.02546874999999993
0 0.31625000000000003 0.903359375 0.043779761904761925 0.016250000000000098
0 0.4236011904761905 0.863515625 0.023958333333333366 0.021132812500000098
0 0.44672619047619044 0.8453515625 0.023124999999999944 0.014101562500000053
0 0.49544642857142857 0.8429296875 0.023958333333333366 0.012460937499999991
0 0.6932738095238096 0.8984375 0.016279761904761984 0.014257812499999911
0 0.7980952380952382 0.620859375 0.020803571428571456 0.008710937500000071
0 0.6564583333333334 0.6315625 0.0657738095238096 0.016640624999999964
0 0.3686607142857143 0.6955078125 0.026547619047619053 0.012265624999999947
0 0.3083333333333333 0.702421875 0.0392261904761905 0.014257812499999911
0 0.1948809523809524 0.7933203125 0.02172619047619049 0.024140625000000027
0 0.2763392857142857 0.773125 0.014494047619047632 0.017031250000000053
0 0.22851190476190478 0.7671875 0.028660714285714272 0.015429687499999956
0 0.5655059523809524 0.792109375 0.038303571428571444 0.040000000000000036
0 0.6638690476190476 0.8263671875 0.022619047619047688 0.015039062500000089
0 0.7492857142857142 0.9027734375 0.025922619047619073 0.01351562499999992
0 0.8370238095238095 0.8245703125 0.03264880952380961 0.0302734375
0 0.8550595238095239 0.645703125 0.020833333333333332 0.010156250000000089
0 0.9453869047619047 0.613671875 0.023511904761904696 0.013281249999999911
