0 0.5279375 0.8550416666666667 0.030140624999999942 0.027791666666666732
0 0.26778124999999997 0.8026875 0.022703124999999956 0.02927083333333324
0 0.239875 0.743625 0.013031249999999961 0.027291666666666714
0 0.8487656250000001 0.89175 0.01153125000000017 0.010916666666666686
0 0.905296875 0.7170833333333333 0.04198437499999983 0.03418749999999993
0 0.856265625 0.8044166666666667 0.019359375000000158 0.015749999999999886
0 0.6229218750000001 0.7110625 0.008296874999999915 0.023458333333333314
0 0.506515625 0.7767708333333334 0.01584374999999998 0.02145833333333324
0 0.516328125 0.6569166666666667 0.015343750000000078 0.03049999999999997
0 0.4491875 0.6448541666666666 0.023390625000000043 0.013750000000000047
0 0.43020312499999996 0.812125 0.013078125000000006 0.019104166666666582
0 0.48150000000000004 0.8781874999999999 0.013578125000000085 0.03587500000000006
0 0.350625 0.8364375000000001 0.021375000000000012 0.01677083333333324
0 0.308 0.8362708333333334 0.017593749999999984 0.029166666666666667
0 0.41978125000000005 0.5242916666666667 0.033140625000000055 0.014979166666666661
0 0.46073437500000003 0.528125 0.02957812499999992 0.016062500000000018
0 0.4530625 0.5 0.01040624999999995 0.022645833333333344
