0 0.96015625 0.4395833333333333 0.0796875 0.0375
0 0.6880468750000001 0.65425 0.027468750000000063 0.022062500000000065
0 0.67878125 0.7775416666666667 0.018859375000000077 0.025145833333333437
0 0.594734375 0.5247708333333333 0.03540624999999995 0.014562500000000018
0 0.635609375 0.5302708333333332 0.03110937499999995 0.013229166666666655
0 0.6365937500000001 0.64475 0.054265625000000026 0.011020833333333258
0 0.160796875 0.6771875 0.031109374999999995 0.014124999999999943
0 0.60228125 0.81275 0.013749999999999929 0.021999999999999888
0 0.640609375 0.8088125 0.016499999999999914 0.014145833333333257
0 0.647875 0.6838333333333334 0.037328124999999976 0.0303958333333334
0 0.47671875 0.84 0.027515625000000023 0.02410416666666677
0 0.4378125 0.8158958333333334 0.025937500000000037 0.017812499999999905
0 0.411671875 0.7482916666666667 0.016906250000000077 0.025145833333333437
0 0.375515625 0.8221666666666666 0.02790625000000002 0.01677083333333324
0 0.31303125 0.7943958333333333 0.025546875000000035 0.01466666666666659
0 0.357640625 0.7569374999999999 0.014140625000000018 0.016249999999999907
0 0.3763125 0.7606041666666666 0.01690624999999999 0.0319583333333334
0 0.189625 0.9510833333333333 0.022406250000000006 0.017812499999999905
0 0.36825 0.9861875 0.012578125000000018 0.015729166666666572
0 0.33995312499999997 0.9107291666666666 0.015718750000000004 0.02095833333333322
0 0.352921875 0.8716875000000001 0.01807812499999999 0.016249999999999907
0 0.34309375000000003 0.8418333333333333 0.02907812500000002 0.04139583333333334
0 0.45215625 0.8981666666666667 0.016109374999999915 0.01991666666666655
0 0.5225 0.8389375 0.020046875000000065 0.02095833333333322
0 0.47062499999999996 0.7687291666666667 0.014546874999999914 0.015729166666666572
0 0.275890625 0.8449791666666666 0.02829687500000002 0.024625000000000105
0 0.259 0.9668125 0.01807812499999999 0.013624999999999924
0 0.242296875 0.9890833333333333 0.025546875000000035 0.01939583333333322
0 0.45785937499999996 0.7409583333333334 0.01414062499999993 0.01677083333333324
0 0.8848593749999999 0.6563333333333333 0.08528124999999989 0.037208333333333364
0 0.8828906249999999 0.70925 0.07742187499999993 0.02566666666666677
0 0.7972187500000001 0.7113541666666666 0.010609374999999944 0.02358333333333344
0 0.715078125 0.7820833333333332 0.009828124999999943 0.01939583333333322
0 0.552171875 0.9204375 0.015718749999999913 0.04035416666666668
0 0.595609375 0.9143958333333334 0.026328125000000036 0.01885416666666657
0 0.585984375 0.8478541666666667 0.018859375000000077 0.01466666666666659
0 0.5034375 0.7645416666666667 0.01257812499999993 0.011520833333333277
0 0.40971875 0.8418333333333333 0.02160937500000002 0.012062499999999924
0 0.4323125 0.799125 0.025156250000000036 0.015729166666666572
0 0.4024375 0.7142291666666666 0.018859375000000032 0.013624999999999924
0 0.556546875 0.7479166666666667 0.012250000000000049 0.013770833333333362
