0 0.8227968750000001 0.5158958333333333 0.014312500000000127 0.01072916666666662
0 0.8908125 0.775625 0.01726562499999993 0.010958333333333315
0 0.868328125 0.7750833333333333 0.009046874999999944 0.012791666666666639
0 0.81871875 0.7906041666666667 0.010687499999999872 0.019729166666666725
0 0.9174843750000001 0.8298749999999999 0.022531250000000114 0.00847916666666677
0 0.93846875 0.8338541666666667 0.007515624999999915 0.009250000000000114
0 0.89590625 0.8612083333333334 0.006734374999999915 0.009499999999999887
0 0.764640625 0.7699166666666667 0.055078125 0.010270833333333229
0 0.64009375 0.7826875 0.026531250000000027 0.01672916666666661
0 0.644546875 0.7137916666666667 0.013671875 0.00847916666666677
0 0.6936718749999999 0.7057083333333334 0.02176562499999992 0.010270833333333229
0 0.568953125 0.6322500000000001 0.014640625000000008 0.036458333333333336
0 0.06615625 0.7352500000000001 0.010203125000000002 0.017458333333333322
0 0.150625 0.6150625000000001 0.01193749999999998 0.028249999999999886
0 0.161109375 0.6847708333333333 0.016374999999999983 0.01310416666666659
0 0.21379687500000003 0.7135416666666666 0.014250000000000007 0.011041666666666571
0 0.176515625 0.7232916666666667 0.007890625000000017 0.026458333333333427
0 0.191640625 0.839625 0.013484374999999993 0.020291666666666687
0 0.007515624999999998 0.9662291666666667 0.015015625 0.01310416666666659
0 0.033421875000000004 0.9766458333333333 0.008671874999999996 0.022083333333333382
0 0.08792187500000001 0.9694583333333333 0.0756875 0.03543749999999998
0 0.146765625 0.9361875000000001 0.02734375 0.011041666666666571
0 0.28053125 0.9211666666666667 0.02639062499999998 0.02516666666666675
0 0.29304687500000004 0.8758333333333332 0.06682812499999997 0.017729166666666647
0 0.265890625 0.8267916666666667 0.04487499999999996 0.05625
0 0.31365625 0.8303958333333333 0.04603124999999997 0.04699999999999989
0 0.074828125 0.8022708333333333 0.03023437499999999 0.007708333333333428
0 0.08865625 0.8889375 0.008062499999999995 0.013833333333333305
0 0.0521875 0.9085833333333333 0.009875000000000005 0.014479166666666762
0 0.02659375 0.9083749999999999 0.011031250000000001 0.015374999999999991
0 0.11096874999999999 0.8925625 0.005921874999999988 0.01229166666666662
0 0.00234375 0.8802083333333334 0.0046875 0.010416666666666666
0 0.363046875 0.7928125 0.00703125 0.011041666666666571
0 0.29562499999999997 0.7581249999999999 0.004999999999999982 0.017916666666666713
0 0.329453125 0.7714583333333334 0.004531249999999964 0.009999999999999905
0 0.337890625 0.7684375 0.009218749999999965 0.01854166666666662
0 0.445703125 0.8097916666666667 0.009843749999999929 0.014166666666666572
0 0.20359375000000002 0.6793750000000001 0.007187500000000036 0.01208333333333324
0 0.48309375 0.6083333333333333 0.00610937499999995 0.007291666666666667
0 0.42753125000000003 0.6055416666666668 0.005312499999999965 0.007291666666666667
0 0.506734375 0.6939791666666667 0.009656249999999922 0.018645833333333427
0 0.44048437500000004 0.6868125 0.007078124999999958 0.009000000000000103
0 0.545015625 0.6177499999999999 0.006750000000000078 0.008583333333333342
0 0.586265625 0.5282291666666666 0.015281249999999958 0.01779166666666665
0 0.601546875 0.6042500000000001 0.005312499999999965 0.008145833333333267
0 0.733984375 0.709875 0.005062500000000014 0.010895833333333372
0 0.731125 0.6791458333333333 0.010781249999999964 0.007854166666666629
0 0.50203125 0.6030208333333333 0.005000000000000071 0.007291666666666667
0 0.5715625 0.60625 0.007187500000000036 0.007083333333333286
