0 0.4311607142857143 0.7708203125 0.033214285714285786 0.020546874999999964
0 0.6674404761904762 0.900078125 0.01488095238095238 0.014531250000000107
0 0.5723214285714286 0.7582421875 0.016964285714285682 0.017148437499999947
0 0.6553869047619048 0.7062109375 0.010119047619047552 0.022265624999999956
0 0.6725 0.65890625 0.013690476190476258 0.04582031250000007
0 0.7070833333333334 0.58671875 0.015654761904761876 0.011992187499999973
0 0.7663095238095239 0.5732421875 0.017291666666666587 0.017578125
0 0.8157440476190475 0.5573828125 0.011755952380952516 0.01585937500000001
0 0.8996130952380952 0.7154296875 0.020892857142857088 0.025273437500000107
0 0.8188690476190476 0.739609375 0.027738095238095388 0.020546874999999964
0 0.8443154761904762 0.7244140625 0.016636904761904856 0.023554687499999893
0 0.7901488095238095 0.5623046875 0.012738095238095156 0.016289062500000062
0 0.5390476190476191 0.6408984375 0.011755952380952348 0.020976562500000018
0 0.41276785714285713 0.6822265625 0.026101190476190424 0.018828124999999973
0 0.019345238095238096 0.666015625 0.03869047619047619 0.05078125
0 0.0761904761904762 0.6773046875 0.016636904761904773 0.02011718749999991
0 0.27589285714285716 0.7271875 0.036220238095238055 0.023984374999999947
0 0.15535714285714286 0.6488671875 0.015833333333333314 0.015976562499999902
0 0.20651785714285714 0.751796875 0.023154761904761907 0.024375000000000036
0 0.19250000000000003 0.71 0.0261904761904762 0.02238281250000007
0 0.22449404761904765 0.707421875 0.029255952380952417 0.01480468750000008
0 0.9261904761904761 0.9779296875 0.011309523809523674 0.016796875000000044
0 0.9735119047619049 0.8974609375 0.011904761904761904 0.013671875
0 0.9944940476190476 0.5330078125 0.011011904761904898 0.015234374999999911
0 0.769047619047619 0.7865234375 0.03571428571428571 0.013671875
0 0.6130952380952381 0.6689453125 0.041666666666666664 0.048046875000000044
0 0.624702380952381 0.61640625 0.01488095238095238 0.020312499999999956
0 0.7193452380952381 0.669921875 0.013690476190476258 0.02109374999999991
0 0.6129464285714286 0.7626953125 0.049107142857142856 0.020703125000000044
0 0.2825892857142857 0.6666015625 0.04077380952380949 0.021484375
0 0.22886904761904764 0.6552734375 0.00952380952380949 0.033203125
0 0.20029761904761903 0.6576171875 0.02023809523809525 0.033984374999999956
0 0.13690476190476192 0.64765625 0.019642857142857125 0.016406249999999956
0 0.0980654761904762 0.6376953125 0.03898809523809523 0.02773437500000009
0 0.039732142857142855 0.6060546875 0.07946428571428571 0.048046875000000044
0 0.14583333333333334 0.69765625 0.03571428571428571 0.02109374999999991
