0 0.188890625 0.7560208333333333 0.04429687499999999 0.0421875
0 0.050609375 0.7587708333333333 0.046156249999999996 0.03870833333333342
0 0.11685937500000002 0.5386666666666666 0.038703125000000005 0.018354166666666612
0 0.174375 0.6021875 0.052484374999999986 0.052104166666666646
0 0.579125 0.6808541666666666 0.026796874999999963 0.017875000000000085
0 0.675125 0.740125 0.026828124999999935 0.009020833333333419
0 0.65940625 0.7257708333333334 0.036015624999999926 0.00870833333333323
0 0.727703125 0.7928333333333334 0.03239062500000003 0.031916666666666774
0 0.905890625 0.6982083333333333 0.028531249999999987 0.029666666666666685
0 0.960765625 0.8953749999999999 0.06875 0.01714583333333337
0 0.8812656249999999 0.8843958333333333 0.013140625000000128 0.014541666666666704
0 0.863984375 0.9380624999999999 0.01953125 0.009187499999999934
0 0.788078125 0.9504583333333334 0.06660937500000008 0.02787499999999999
0 0.7453593749999999 0.8849374999999999 0.02893749999999997 0.009499999999999887
0 0.766375 0.8688541666666667 0.03606250000000007 0.01224999999999999
0 0.9206093750000001 0.9648541666666667 0.02481250000000017 0.009499999999999887
0 0.5953593749999999 0.9518541666666667 0.013781250000000078 0.013479166666666724
0 0.57365625 0.9319375 0.03790624999999999 0.008583333333333342
0 0.5224375 0.9360833333333333 0.014015625000000042 0.01072916666666662
0 0.506359375 0.9062083333333334 0.037437500000000054 0.011020833333333258
0 0.5354062500000001 0.8869166666666667 0.012406250000000086 0.015312500000000047
0 0.62453125 0.8396041666666666 0.018828124999999928 0.00827083333333339
0 0.443078125 0.9406666666666667 0.014234375000000021 0.009499999999999887
0 0.462484375 0.9248958333333334 0.01860937499999995 0.0116458333333334
0 0.39059374999999996 0.943875 0.013546875000000024 0.009791666666666761
0 0.444921875 0.8543125 0.026640624999999928 0.012562499999999944
0 0.486265625 0.7756041666666668 0.009640624999999936 0.01072916666666662
0 0.30296875 0.83975 0.02204687500000002 0.010416666666666666
0 0.139078125 0.8797291666666667 0.018140624999999976 0.013166666666666771
0 0.090609375 0.9645625 0.019062500000000003 0.010104166666666714
0 0.0333125 0.9936458333333333 0.016078125 0.009499999999999887
0 0.018375 0.8428125000000001 0.03675 0.01714583333333337
0 0.13184374999999998 0.7244583333333333 0.028484374999999985 0.018062499999999915
0 0.04846874999999999 0.6958125000000001 0.011937499999999995 0.014083333333333314
0 0.019640625000000002 0.6463541666666667 0.039281250000000004 0.02541666666666676
0 0.5229375 0.5835833333333333 0.06448437499999997 0.023020833333333237
0 0.47278125 0.5678541666666667 0.05245312500000008 0.025937500000000096
0 0.466 0.5988958333333334 0.031468749999999976 0.01224999999999999
0 0.8413281250000001 0.8784375 0.015406249999999844 0.012187500000000047
0 0.8631875000000001 0.9041041666666667 0.0208124999999999 0.006812499999999962
0 0.78240625 0.9092708333333334 0.021875 0.00916666666666662
0 0.8130000000000001 0.8848125 0.03792187499999997 0.007291666666666667
0 0.726671875 0.8583541666666666 0.014468749999999985 0.00987500000000002
0 0.407796875 0.9073958333333334 0.013499999999999979 0.007208333333333409
0 0.264109375 0.8912708333333333 0.04140625 0.015020833333333409
0 0.223390625 0.9652083333333333 0.016109375000000002 0.01135416666666676
0 0.06996875 0.9426041666666667 0.016921874999999996 0.01466666666666659
0 0.088234375 0.9244375 0.010499999999999999 0.021437499999999925
0 0.457328125 0.82375 0.013984375000000071 0.012187500000000047
