0 0.12958333333333333 0.6687109375 0.07464285714285714 0.03394531249999999
0 0.04726190476190476 0.8754296875 0.013630952380952386 0.0146484375
0 0.07577380952380952 0.8394140625 0.030148809523809533 0.016250000000000098
0 0.24627976190476192 0.762734375 0.11848214285714287 0.02222656249999999
0 0.23967261904761905 0.8028125 0.025178571428571453 0.013554687500000107
0 0.8542559523809523 0.8822265625 0.2691964285714286 0.0357812500000001
0 0.8924404761904763 0.8366796875 0.09041666666666666 0.06937499999999996
0 0.63625 0.78359375 0.04625000000000006 0.016250000000000098
0 0.6389285714285714 0.9805859375 0.02931547619047626 0.026562500000000044
0 0.181875 0.7234375 0.12178571428571427 0.024921874999999982
0 0.1418154761904762 0.7654296875 0.018571428571428555 0.01570312499999993
0 0.5491369047619047 0.76921875 0.05532738095238088 0.0146484375
0 0.6083630952380952 0.88734375 0.05327380952380946 0.021132812500000098
0 0.7661011904761905 0.8052734375 0.10279761904761903 0.048789062500000036
