0 0.949046875 0.3001875 0.0127812500000001 0.027583333333333352
0 0.881625 0.33195833333333336 0.006281249999999972 0.01672916666666661
0 0.837765625 0.2892708333333333 0.012156249999999957 0.024062500000000025
0 0.87996875 0.13935416666666667 0.010515625000000028 0.022083333333333323
0 0.8645156249999999 0.14275 0.007968749999999858 0.029750000000000002
0 0.85415625 0.11525 0.008609374999999985 0.012541666666666658
0 0.881640625 0.09495833333333333 0.009406249999999972 0.00977083333333333
0 0.909453125 0.1155625 0.006046874999999829 0.008062500000000009
0 0.9812031250000001 0.16939583333333333 0.004765624999999929 0.007374999999999983
0 0.946125 0.13291666666666666 0.0070468749999999854 0.010166666666666657
0 0.895234375 0.15554166666666666 0.005140624999999943 0.013208333333333341
0 0.758984375 0.351875 0.00828124999999993 0.008333333333333333
0 0.9330624999999999 0.18016666666666667 0.006406249999999858 0.010208333333333345
0 0.858984375 0.08424999999999999 0.005421875000000043 0.010166666666666657
0 0.8934843750000001 0.09039583333333333 0.0066250000000000146 0.01552083333333334
0 0.9250468749999999 0.20289583333333333 0.009078124999999914 0.021291666666666664
0 0.8242968749999999 0.29333333333333333 0.011093749999999857 0.017499999999999953
