0 0.28265625 0.7470208333333334 0.009171875000000006 0.024875000000000112
0 0.195171875 0.891625 0.032421875 0.02854166666666676
0 0.112546875 0.56925 0.019484374999999998 0.016041666666666763
0 0.6735781249999999 0.568875 0.028796874999999923 0.03697916666666667
0 0.6891406250000001 0.7232500000000001 0.03534375000000001 0.053916666666666654
0 0.573765625 0.7327083333333333 0.010374999999999978 0.03216666666666678
0 0.551546875 0.7418750000000001 0.030265625000000008 0.024562499999999925
0 0.9075468750000001 0.8784583333333333 0.017984374999999986 0.01452083333333339
0 0.8311875000000001 0.9576458333333334 0.015203125000000029 0.017562499999999894
0 0.8418281249999999 0.9444791666666668 0.008609374999999985 0.016208333333333276
0 0.96225 0.8693333333333333 0.013921875000000129 0.01654166666666678
0 0.51771875 0.8248333333333334 0.015609375000000014 0.023791666666666583
0 0.41842187500000005 0.8741666666666668 0.009046874999999944 0.017625000000000075
0 0.17421875 0.6970416666666667 0.012812499999999982 0.02879166666666677
0 0.13434375 0.7296458333333333 0.032750000000000015 0.04083333333333338
