0 0.20544642857142859 0.4717187500000001 0.043214285714285726 0.10085937500000003
0 0.20747023809523807 0.6748046875 0.025119047619047614 0.040234375000000044
0 0.22303571428571428 0.9164453125 0.10449404761904764 0.07121093750000007
0 0.31142857142857144 0.54328125 0.031130952380952405 0.05011718749999994
0 0.6708630952380952 0.92796875 0.019583333333333286 0.03230468749999993
0 0.7065178571428571 0.84390625 0.02562500000000004 0.06066406249999989
0 0.7477083333333333 0.8399609375 0.023601190476190498 0.04746093749999991
0 0.8647619047619047 0.9358984375 0.01357142857142841 0.030976562500000027
0 0.8172916666666667 0.981953125 0.018095238095238216 0.036093750000000036
0 0.46455357142857145 0.4259375 0.019226190476190414 0.03468749999999998
0 0.1556547619047619 0.8941015625 0.020446428571428584 0.03863281249999995
