0 0.095671875 0.22964583333333335 0.03193750000000001 0.03820833333333334
0 0.856109375 0.7823125 0.03248437499999994 0.024458333333333353
0 0.57090625 0.6676249999999999 0.015468749999999965 0.025062499999999942
0 0.601 0.7353541666666668 0.026640624999999928 0.015854166666666693
0 0.757609375 0.45075000000000004 0.03559374999999996 0.014458333333333328
0 0.8012656249999999 0.4551875 0.022250000000000013 0.018166666666666723
0 0.617296875 0.6609999999999999 0.010843750000000086 0.012979166666666705
0 0.5292656250000001 0.7394375 0.018906250000000034 0.016312500000000084
0 0.5684843749999999 0.7629791666666667 0.016125000000000077 0.0085208333333334
0 0.6805625 0.7631666666666667 0.016125000000000077 0.020020833333333363
0 0.512296875 0.7885624999999999 0.016125000000000077 0.012229166666666676
0 0.47210937499999994 0.7081041666666666 0.017515625000000055 0.01593749999999995
0 0.50103125 0.6988333333333333 0.013625000000000043 0.01668749999999998
0 0.5157812500000001 0.6739791666666667 0.011953124999999964 0.012979166666666705
0 0.5085468750000001 0.7490833333333333 0.019187499999999958 0.01854166666666662
0 0.60546875 0.9331875000000001 0.02168749999999999 0.033000000000000064
0 0.5754374999999999 0.9307916666666666 0.018906250000000034 0.024479166666666666
0 0.848609375 0.5864583333333333 0.016781250000000015 0.02993750000000001
0 0.78134375 0.5741666666666667 0.022703124999999956 0.011041666666666571
0 0.9585156250000001 0.6439791666666667 0.00995312499999983 0.022208333333333267
0 0.76009375 0.7414583333333333 0.01193749999999998 0.023541666666666572
0 0.8116875 0.8082499999999999 0.010687499999999872 0.039124999999999945
0 0.637015625 0.7636666666666667 0.014421875000000028 0.024208333333333342
0 0.536203125 0.6875833333333333 0.01715625000000003 0.019895833333333238
0 0.48771875 0.7446041666666667 0.012687500000000008 0.014583333333333334
0 0.562546875 0.6366875000000001 0.011187499999999951 0.0109375
0 0.5235624999999999 0.9036458333333334 0.012546874999999957 0.01754166666666658
0 0.52478125 0.9434166666666666 0.026609374999999956 0.023666666666666693
0 0.6133437500000001 0.82025 0.020187499999999935 0.02120833333333323
0 0.81678125 0.60325 0.018968750000000156 0.015500000000000114
0 0.663203125 0.69075 0.01040624999999995 0.012645833333333438
0 0.5923437500000001 0.7168541666666666 0.016765625000000027 0.010604166666666732
0 0.6466093749999999 0.8577083333333333 0.014406250000000042 0.03610416666666675
