0 0.37964285714285717 0.964921875 0.013571428571428578 0.012187500000000018
0 0.3186309523809524 0.78296875 0.010773809523809538 0.012617187500000071
0 0.1094047619047619 0.585234375 0.02312499999999999 0.015156249999999982
0 0.3938988095238095 0.875390625 0.03360119047619049 0.012148437500000053
0 0.1962797619047619 0.4142578125 0.00744047619047619 0.009765625
0 0.06607142857142857 0.3673828125 0.010119047619047614 0.012109374999999978
0 0.6666964285714285 0.586875 0.06824404761904763 0.013398437500000027
0 0.46279761904761907 0.7303515625 0.026726190476190532 0.011289062499999947
0 0.7170833333333333 0.780859375 0.02002976190476196 0.010429687500000062
0 0.6011309523809524 0.68234375 0.007619047619047626 0.012929687500000009
0 0.6799107142857143 0.1587890625 0.009821428571428606 0.012890624999999989
0 0.2550595238095238 0.125 0.017857142857142856 0.010937499999999989
