0 0.32546875000000003 0.88203125 0.02531249999999998 0.015625
0 0.361875 0.844140625 0.022499999999999964 0.12031250000000004
0 0.1940625 0.7658203125 0.01937500000000001 0.012890625000000044
0 0.59484375 0.702734375 0.047812500000000036 0.034375000000000044
0 0.6221875 0.7998046875 0.14562500000000006 0.057421874999999956
0 0.6778125 0.8396484375 0.02062500000000007 0.015234374999999911
0 0.8565625000000001 0.8630859375 0.04562500000000007 0.017578125
0 0.89484375 0.772265625 0.01656249999999986 0.02578125000000009
0 0.97234375 0.7640625 0.05531250000000014 0.050000000000000044
0 0.73703125 0.81640625 0.04031249999999993 0.04453124999999991
0 0.74328125 0.893359375 0.0203125 0.02968750000000009
0 0.8009375000000001 0.8966796875 0.07749999999999994 0.036328125000000044
0 0.9207812499999999 0.646875 0.01843749999999993 0.014062500000000089
0 0.15562499999999999 0.855078125 0.02937500000000002 0.01718749999999991
0 0.34546875 0.7572265625 0.0171875 0.012890625000000044
0 0.303125 0.7544921875 0.0125 0.015234374999999911
0 0.8520312499999999 0.5505859375 0.01218749999999993 0.026171874999999956
0 0.8571875 0.617578125 0.02937499999999993 0.014843750000000044
0 0.76515625 0.6650390625 0.01281250000000007 0.015234374999999911
