0 0.16851190476190472 0.9647265625 0.0575595238095238 0.0234375
0 0.23818452380952382 0.9157421875 0.015089285714285694 0.01929687499999999
0 0.1625595238095238 0.9173046875 0.03613095238095238 0.0599218749999999
0 0.18997023809523808 0.8665234375 0.04723214285714287 0.023984374999999947
0 0.09413690476190475 0.55375 0.05645833333333332 0.033398437500000044
0 0.0787202380952381 0.4697265625 0.030059523809523814 0.04648437500000002
0 0.017857142857142856 0.47480468750000004 0.034523809523809526 0.05742187500000001
0 0.29583333333333334 0.1 0.025595238095238077 0.017968750000000006
0 0.36904761904761907 0.08671875 0.01488095238095238 0.014062500000000006
0 0.8290178571428571 0.2513671875 0.011011904761904898 0.016015624999999978
0 0.778125 0.2130859375 0.01220238095238102 0.01679687499999999
