0 0.8749062500000001 0.9649791666666666 0.024171875000000044 0.015979166666666583
0 0.9615937499999999 0.9765416666666666 0.048765625000000055 0.012125000000000104
0 0.772078125 0.9462291666666667 0.038437500000000034 0.011020833333333258
0 0.34584375 0.8645416666666667 0.02748437499999996 0.0140625
0 0.018390625 0.9962291666666666 0.03678125 0.0075416666666666765
0 0.14546874999999998 0.9058333333333334 0.011874999999999991 0.014166666666666572
0 0.588765625 0.7456875000000001 0.007843749999999972 0.009208333333333247
0 0.8667187500000001 0.9085416666666667 0.041874999999999926 0.012916666666666762
0 0.90140625 0.8610416666666667 0.01781250000000014 0.009583333333333381
0 0.8086718749999999 0.9552083333333333 0.02453125000000007 0.016249999999999907
0 0.829296875 0.9182291666666667 0.012343750000000143 0.008958333333333238
0 0.6897656249999999 0.9139583333333333 0.02578125 0.009583333333333381
0 0.7150000000000001 0.9137500000000001 0.01750000000000007 0.008750000000000095
0 0.6934375 0.8762500000000001 0.02375000000000007 0.01208333333333324
0 0.7184375000000001 0.8766666666666667 0.0125 0.008750000000000095
0 0.6671875 0.9753124999999999 0.009375 0.01229166666666662
0 0.584765625 0.9597916666666666 0.04734374999999993 0.014166666666666572
0 0.6388281250000001 0.966875 0.04828124999999996 0.010416666666666666
0 0.628515625 0.9475 0.034218749999999964 0.02374999999999995
0 0.58109375 0.9305208333333332 0.039687499999999966 0.021875
0 0.388828125 0.9044791666666666 0.04140625000000005 0.01229166666666662
0 0.666875 0.9108333333333333 0.0068749999999999645 0.008333333333333333
0 0.6541406249999999 0.856875 0.017343750000000036 0.014583333333333334
0 0.8053125 0.9083333333333333 0.007499999999999929 0.009583333333333381
0 0.837109375 0.9029166666666666 0.007343750000000071 0.007500000000000047
0 0.8296093750000001 0.9369791666666667 0.018281250000000072 0.008541666666666715
0 0.9134375 0.9257291666666667 0.026875000000000072 0.010625000000000048
0 0.7299218749999999 0.9365625000000001 0.02703124999999993 0.013124999999999906
0 0.69015625 0.9342708333333333 0.019374999999999965 0.011458333333333333
0 0.7821875 0.9152083333333334 0.0140625 0.009999999999999905
0 0.55421875 0.8657291666666667 0.009687500000000071 0.009791666666666761
0 0.53359375 0.9210416666666668 0.017812499999999964 0.007916666666666572
0 0.460078125 0.9060416666666666 0.02453125000000007 0.011249999999999953
0 0.5198437499999999 0.95875 0.019062500000000072 0.008333333333333333
0 0.364609375 0.886875 0.043593749999999966 0.008750000000000095
0 0.548046875 0.9947916666666666 0.05078125 0.010416666666666666
0 0.733359375 0.8755208333333333 0.00828124999999993 0.008958333333333238
0 0.8420781249999999 0.9812708333333333 0.01664062500000014 0.0055416666666666
0 0.8358281249999999 0.9546458333333334 0.021140624999999958 0.011312499999999896
0 0.85421875 0.9355625 0.012984374999999914 0.007770833333333371
