0 0.48646874999999995 0.8360625 0.03484374999999993 0.04960416666666655
0 0.6468281250000001 0.8275833333333333 0.01931250000000002 0.01381249999999999
0 0.962578125 0.32525 0.04050000000000011 0.02385416666666664
0 0.775859375 0.365125 0.018359375 0.016958333333333304
0 0.8952500000000001 0.3880416666666667 0.024484375000000114 0.03139583333333332
0 0.9860312499999999 0.34410416666666666 0.018234375000000115 0.01743750000000001
0 0.85975 0.3436458333333333 0.03200000000000003 0.02202083333333332
0 0.8833125000000001 0.3177291666666667 0.015828125000000172 0.011479166666666648
0 0.92815625 0.30829166666666663 0.010281249999999886 0.007604166666666619
0 0.9461562499999999 0.29627083333333337 0.009187500000000171 0.011520833333333277
0 0.5290781250000001 0.4706458333333333 0.013593750000000071 0.014499999999999957
0 0.7770937499999999 0.5439791666666667 0.012734374999999964 0.0132083333333334
0 0.655375 0.6155 0.032984375000000024 0.01747916666666664
0 0.724515625 0.39466666666666667 0.023171875000000064 0.05
0 0.621703125 0.8234791666666667 0.042312500000000065 0.01906249999999995
0 0.9627343749999999 0.37625 0.026624999999999944 0.013312499999999972
0 0.975625 0.4892291666666667 0.01878124999999997 0.011916666666666723
0 0.5273125000000001 0.5325416666666667 0.012281250000000021 0.020708333333333388
0 0.634328125 0.46195833333333336 0.007484374999999943 0.006937499999999967
0 0.440546875 0.6318750000000001 0.012890625 0.009104166666666675
0 0.469921875 0.6284583333333333 0.010999999999999944 0.011875000000000096
0 0.48328125 0.6098750000000001 0.010046874999999922 0.009104166666666675
0 0.626171875 0.4965833333333334 0.021312499999999977 0.023520833333333376
