0 0.440875 0.9545 0.026265624999999914 0.013958333333333428
0 0.483875 0.9901458333333333 0.03882812500000003 0.008979166666666554
0 0.459359375 0.9740208333333332 0.04695312499999993 0.008979166666666554
0 0.20456249999999998 0.9228958333333334 0.022312499999999978 0.0102291666666666
0 0.20329687500000002 0.994375 0.02254687500000001 0.011249999999999953
0 0.057296875000000004 0.9828541666666666 0.01139062500000001 0.016125000000000018
0 0.05625 0.9052291666666666 0.018593750000000003 0.01270833333333338
0 0.14656249999999998 0.9050625 0.014640625000000008 0.011770833333333286
0 0.38275000000000003 0.9061458333333333 0.020218749999999997 0.008374999999999962
0 0.653234375 0.9851875 0.03579687499999995 0.01208333333333324
0 0.788171875 0.9780625000000001 0.024874999999999935 0.009604166666666695
0 0.808984375 0.9776041666666667 0.015343749999999901 0.008062500000000009
0 0.7903749999999999 0.9400833333333334 0.02510937500000008 0.010541666666666553
0 0.812703125 0.9399375 0.010687499999999872 0.008979166666666554
0 0.929046875 0.9921666666666666 0.016499999999999914 0.009916666666666648
0 0.9270781250000001 0.9724791666666667 0.01581249999999983 0.008374999999999962
0 0.9629843749999999 0.962875 0.04299999999999997 0.017666666666666705
0 0.9946875000000001 0.9112708333333334 0.01062499999999993 0.009291666666666743
0 0.874765625 0.9749583333333334 0.026031250000000127 0.008979166666666554
0 0.7480781249999999 0.924125 0.018593749999999964 0.01208333333333324
0 0.64753125 0.9393125 0.011390624999999942 0.011458333333333333
0 0.598015625 0.9920000000000001 0.020687500000000015 0.007750000000000057
0 0.631375 0.9960833333333333 0.016734375000000058 0.007833333333333314
0 0.66953125 0.9958333333333333 0.0453125 0.008333333333333333
0 0.49503125 0.9563541666666667 0.009062499999999928 0.008979166666666554
0 0.503984375 0.9193333333333332 0.031156250000000087 0.008687499999999914
0 0.57225 0.76925 0.01125000000000007 0.007500000000000047
