0 0.8704062499999999 0.9861875 0.008500000000000086 0.011916666666666723
0 0.770203125 0.9027499999999999 0.014906249999999944 0.009937499999999962
0 0.35521875 0.8420208333333333 0.010437500000000011 0.007583333333333305
0 0.31859375 0.7185416666666666 0.005937500000000017 0.007500000000000047
0 0.34375 0.7186458333333333 0.005312499999999965 0.008124999999999953
0 0.3290625 0.7169791666666666 0.012187500000000018 0.007291666666666667
0 0.146828125 0.7465625 0.014796874999999998 0.044916666666666556
0 0.00415625 0.9285625 0.0083125 0.022479166666666592
0 0.00859375 0.990625 0.0171875 0.01875
0 0.12076562500000002 0.9944375 0.019234375000000005 0.011125000000000067
0 0.1685 0.9841666666666666 0.03157812500000001 0.03166666666666676
