0 0.160953125 0.975875 0.015031250000000006 0.009812500000000076
0 0.053953125000000005 0.9662708333333333 0.027093750000000007 0.01527083333333342
0 0.035734375 0.932625 0.013546875000000003 0.013395833333333228
0 0.39440624999999996 0.8951041666666666 0.017046875000000038 0.009958333333333276
0 0.47803125 0.9686041666666667 0.017515625000000055 0.024916666666666743
0 0.48901562500000006 0.9225 0.022187500000000072 0.013708333333333418
0 0.5671406250000001 0.8902708333333333 0.025234374999999965 0.016499999999999914
0 0.60428125 0.8628541666666667 0.03643750000000008 0.016499999999999914
0 0.8031874999999999 0.8564791666666667 0.030593749999999975 0.00933333333333337
0 0.88903125 0.963 0.021484375 0.010583333333333418
0 0.795359375 0.949125 0.02009374999999993 0.012145833333333418
0 0.39946875000000004 0.9890208333333333 0.015453125000000022 0.0086666666666666
0 0.279046875 0.9232083333333333 0.01353125000000004 0.007729166666666743
