0 0.579484375 0.8902291666666666 0.09993750000000005 0.03768750000000007
0 0.838703125 0.9090208333333333 0.02464062499999997 0.015895833333333324
0 0.31578125 0.7941041666666667 0.026171875 0.010708333333333304
0 0.7371875 0.8899375 0.037093750000000016 0.013729166666666733
0 0.666953125 0.8536874999999999 0.048093749999999956 0.011520833333333277
0 0.77334375 0.8969583333333334 0.02464062499999997 0.014291666666666696
0 0.495140625 0.9320416666666667 0.012625000000000063 0.009541666666666752
0 0.76915625 0.7350416666666667 0.00954687500000002 0.012333333333333248
0 0.791828125 0.8823958333333334 0.019921875 0.009666666666666638
0 0.8330624999999999 0.8533958333333334 0.039968749999999886 0.014333333333333325
0 0.698515625 0.877625 0.03267187499999995 0.01747916666666664
0 0.6606875 0.8155833333333333 0.02449999999999992 0.015479166666666563
0 0.62146875 0.7956666666666667 0.019984374999999943 0.01577083333333344
0 0.657140625 0.8003958333333333 0.015265624999999972 0.009749999999999896
0 0.420296875 0.960875 0.025578125000000007 0.02006249999999999
0 0.40707812499999996 0.9506875 0.012468750000000028 0.008874999999999982
0 0.137015625 0.9451041666666666 0.019562500000000017 0.008604166666666658
0 0.276609375 0.868875 0.006015625000000036 0.008020833333333382
0 0.131078125 0.6455208333333334 0.012812499999999982 0.009229166666666563
0 0.32884375 0.6537291666666667 0.006296874999999957 0.00816666666666658
0 0.557734375 0.6824375 0.009437499999999942 0.009250000000000114
0 0.7943125 0.862 0.013921875000000038 0.009604166666666695
0 0.92453125 0.9241666666666667 0.049249999999999974 0.012562499999999944
0 0.9774062499999999 0.8874166666666666 0.0235468749999999 0.008104166666666638
0 0.868515625 0.8738125 0.054937500000000125 0.01072916666666662
0 0.6855781249999999 0.8181041666666666 0.01274999999999995 0.012812499999999952
0 0.11773437499999999 0.9434375 0.01078125000000001 0.011875000000000096
0 0.15492187500000001 0.9464583333333334 0.014218749999999992 0.008333333333333333
0 0.12979687499999998 0.8523958333333332 0.009671874999999996 0.007833333333333314
0 0.39445312499999996 0.6760416666666667 0.005156250000000018 0.007916666666666572
0 0.588359375 0.7509374999999999 0.006093749999999965 0.007708333333333428
0 0.520390625 0.8008333333333333 0.012343749999999964 0.00916666666666662
0 0.49992187499999996 0.8561458333333333 0.01671875000000007 0.006458333333333381
0 0.48624999999999996 0.89375 0.020937499999999963 0.009999999999999905
0 0.568125 0.8311458333333334 0.007187500000000036 0.010208333333333286
0 0.632890625 0.8491666666666667 0.006093749999999965 0.008333333333333333
0 0.80290625 0.8339166666666666 0.023109374999999942 0.012562499999999944
0 0.8673125 0.8077916666666667 0.015890625000000113 0.010104166666666714
