0 0.19378125 0.26953125 0.022906249999999996 0.029101562499999956
0 0.63571875 0.0982421875 0.017562500000000016 0.016015625000000006
0 0.6501875 0.0789453125 0.015187500000000043 0.016640624999999992
0 0.68153125 0.1795703125 0.01615625000000005 0.014843749999999989
0 0.51840625 0.031484375 0.01853125000000002 0.013046875
0 0.81478125 0.6068359375 0.059499999999999977 0.07726562500000012
0 0.19603124999999996 0.07046875 0.023531249999999983 0.018593749999999992
0 0.12453125000000001 0.1223828125 0.018718749999999985 0.02519531250000001
0 0.21571875000000001 0.1784765625 0.016812499999999987 0.019804687499999973
0 0.1869375 0.231875 0.016812499999999987 0.01859375000000002
0 0.56640625 0.0976171875 0.011781249999999943 0.014726562500000012
0 0.95159375 0.276640625 0.012624999999999886 0.014062499999999978
