0 0.2898125 0.6725 0.015187500000000043 0.03035156249999993
0 0.58546875 0.590625 0.014687499999999964 0.0234375
0 0.5753125 0.71171875 0.01750000000000007 0.02578125000000009
0 0.49203125 0.744140625 0.01281250000000007 0.020312499999999956
0 0.70078125 0.65234375 0.01218749999999993 0.02187500000000009
0 0.320625 0.7330078125 0.022499999999999964 0.03085937499999991
0 0.294375 0.93828125 0.023749999999999983 0.030468750000000044
0 0.16515625 0.9630859375 0.03343750000000001 0.055859375000000044
0 0.240625 0.9359375 0.040000000000000036 0.08046875000000009
0 0.5464687500000001 0.8040625 0.012843750000000043 0.026562500000000044
0 0.36415625 0.76640625 0.021250000000000036 0.03433593750000008
