0 0.765625 0.5070416666666666 0.008328125000000065 0.02158333333333336
0 0.9039375 0.6274583333333333 0.010031250000000113 0.017041666666666563
0 0.43726562500000005 0.5284375 0.004531249999999964 0.011041666666666691
0 0.42976562500000004 0.3905208333333333 0.00546875 0.011458333333333333
0 0.7010156249999999 0.47983333333333333 0.008000000000000007 0.007520833333333362
0 0.631296875 0.48472916666666666 0.01939062499999995 0.024458333333333353
0 0.0071874999999999994 0.5660416666666667 0.0059375 0.008333333333333333
0 0.0640625 0.4663541666666667 0.0046875 0.00604166666666662
0 0.9935937499999999 0.6515625 0.005312500000000142 0.008124999999999953
0 0.9028281249999999 0.502125 0.0076875000000001135 0.010666666666666677
0 0.354921875 0.5794791666666667 0.004531249999999964 0.006458333333333381
0 0.112578125 0.45249999999999996 0.005156250000000018 0.006666666666666643
