0 0.6551488095238095 0.6611328125 0.028601190476190516 0.03085937499999991
0 0.39845238095238095 0.5395703125 0.036428571428571456 0.021992187499999982
0 0.31898809523809524 0.148359375 0.06842261904761908 0.03511718749999998
0 0.9013988095238096 0.53953125 0.045089285714285644 0.0263671875
0 0.8599107142857143 0.37859375 0.01696428571428585 0.010703125000000036
0 0.7827083333333333 0.39375 0.022053571428571332 0.015156249999999982
0 0.5570833333333334 0.649296875 0.09532738095238087 0.016132812499999982
0 0.1392857142857143 0.2291015625 0.009523809523809532 0.013671875
0 0.29583333333333334 0.4736328125 0.050595238095238096 0.013671875
0 0.34092261904761906 0.1912109375 0.030059523809523793 0.009765625
