0 0.7290625000000001 0.943125 0.013343749999999942 0.02710937499999999
0 0.95625 0.7312890625 0.023343750000000087 0.027617187499999973
0 0.8443125 0.75890625 0.029593750000000085 0.022421875000000036
0 0.40246875 0.86 0.022937499999999965 0.015117187500000018
0 0.659625 0.8221484375 0.025937500000000037 0.01832031249999999
0 0.9349999999999999 0.9133203125 0.013531250000000128 0.04183593749999992
0 0.8979687500000001 0.736875 0.025187499999999828 0.04230468749999994
0 0.7541249999999999 0.828984375 0.011374999999999958 0.01585937500000001
0 0.6370312499999999 0.8986328125 0.054062500000000034 0.033984374999999956
0 0.71046875 0.8224609375 0.0453125 0.040234375000000044
0 0.6659375 0.8515625 0.04812499999999993 0.02578125000000009
0 0.75234375 0.7263671875 0.019062500000000072 0.01914062499999991
0 0.931875 0.6828125 0.03187500000000014 0.02109374999999991
0 0.75265625 0.7681640625 0.0734375 0.044140625000000044
0 0.445 0.8830078125 0.016249999999999966 0.014453124999999956
0 0.5532812500000001 0.9654296875 0.01593750000000007 0.01992187500000009
