0 0.9184374999999999 0.9796250000000001 0.022390624999999886 0.01466666666666659
0 0.9953125 0.8427083333333333 0.009375 0.014583333333333334
0 0.8444218749999999 0.9459583333333333 0.011984375000000113 0.018187500000000037
0 0.963453125 0.9438958333333333 0.011984375000000113 0.010187499999999971
0 0.00234375 0.6097916666666666 0.0046875 0.00916666666666662
0 0.8653124999999999 0.5627083333333334 0.008125000000000071 0.00625
0 0.7189375 0.6043541666666666 0.0073281250000000854 0.009083333333333362
0 0.703359375 0.7751041666666667 0.004531249999999964 0.00604166666666662
0 0.40179687499999994 0.7188541666666667 0.0048437500000000355 0.006458333333333381
0 0.39273437499999997 0.7879166666666666 0.010781249999999964 0.009999999999999905
0 0.38875000000000004 0.7382291666666667 0.0068749999999999645 0.0068749999999999055
0 0.572265625 0.7519791666666666 0.02734375 0.019374999999999906
