0 0.15878125 0.8387109375 0.029281250000000016 0.014453124999999956
0 0.7657812500000001 0.99078125 0.0453125 0.01839843749999992
0 0.9431875 0.855859375 0.05162499999999994 0.03367187500000002
0 0.93240625 0.83390625 0.03324999999999996 0.026914062499999947
0 0.81584375 0.8841796875 0.05668749999999996 0.018203125000000098
0 0.86365625 0.8428125 0.02184375000000003 0.011484374999999991
0 0.72478125 0.883203125 0.027250000000000087 0.01781250000000001
0 0.6368750000000001 0.880234375 0.06684374999999995 0.022187500000000027
0 0.54071875 0.81390625 0.04496874999999996 0.013867187500000044
0 0.5393125000000001 0.8519140625 0.05415624999999995 0.013085937500000089
0 0.456625 0.909140625 0.12512500000000001 0.022968749999999982
0 0.38931249999999995 0.94890625 0.054468749999999976 0.025742187499999902
0 0.41574999999999995 0.8808203125 0.04846874999999997 0.020976562500000018
0 0.21428124999999998 0.8746875 0.05543750000000001 0.014257812499999911
0 0.18231250000000002 0.85921875 0.04971874999999999 0.018203125000000098
0 0.0975625 0.863203125 0.03737500000000001 0.03167968750000005
0 0.27984375 0.989453125 0.030937500000000017 0.02109374999999991
0 0.35296875 0.9154296875 0.025937500000000037 0.013671875
0 0.38796875000000003 0.861328125 0.03531250000000004 0.016406249999999956
0 0.3328125 0.8396484375 0.03937499999999998 0.012890625000000044
0 0.28484375 0.8677734375 0.027187499999999965 0.01601562500000009
0 0.333125 0.8751953125 0.03687500000000003 0.01992187500000009
0 0.7140625 0.8279296875 0.034375 0.014453124999999956
0 0.78421875 0.9421875 0.03093749999999993 0.015625
0 0.68015625 0.858984375 0.0265625 0.01171875
