0 0.89490625 0.77765625 0.021750000000000113 0.01156249999999992
0 0.9553125 0.7044140625 0.018531249999999843 0.014687499999999964
0 0.961 0.80640625 0.032781250000000026 0.01914062499999991
0 0.9095000000000001 0.6796875 0.011749999999999972 0.012460937499999991
0 0.8044062500000001 0.797734375 0.04024999999999999 0.013359375000000062
0 0.63834375 0.7709765625 0.02387499999999996 0.012460937499999991
0 0.5581875000000001 0.724453125 0.018187499999999978 0.018242187500000062
0 0.77090625 0.6001953125 0.0203125 0.04054687499999998
0 0.79140625 0.521796875 0.05131249999999996 0.017382812499999956
0 0.83396875 0.5471875 0.024593750000000015 0.012929687500000009
0 0.85625 0.527578125 0.02421875 0.013789062499999893
0 0.92484375 0.4391796875 0.013906250000000142 0.014257812500000022
0 0.13240625 0.715625 0.01028125000000002 0.010078124999999938
0 0.13274999999999998 0.62390625 0.02200000000000002 0.015585937500000036
0 0.29431250000000003 0.5636328125 0.011374999999999958 0.014218749999999947
0 0.37571875 0.5012890625 0.020906249999999994 0.028867187499999947
0 0.44609375 0.5177734375 0.010312500000000035 0.013671875
