0 0.0255625 0.6556640625 0.050124999999999996 0.07367187500000005
0 0.18740625 0.4055859375 0.044625000000000005 0.04410156249999997
0 0.6248750000000001 0.2284765625 0.05093750000000004 0.011171874999999998
0 0.60375 0.3602734375 0.016312500000000084 0.022929687500000018
0 0.48340625 0.185546875 0.025281249999999922 0.029453125000000024
0 0.41078125 0.1925 0.030000000000000027 0.021953125000000018
0 0.29096875 0.7208203125 0.027500000000000035 0.024882812500000018
0 0.38071875 0.77375 0.026656250000000003 0.021679687500000044
0 0.1935625 0.737890625 0.02143750000000002 0.014765624999999893
0 0.7715625 0.51375 0.030406250000000058 0.028671874999999958
