0 0.45387500000000003 0.984140625 0.02965625000000003 0.023749999999999938
0 0.9333750000000001 0.91984375 0.13265625000000014 0.06707031250000006
0 0.90959375 0.9903125 0.026531250000000027 0.01937499999999992
0 0.83959375 0.9535546875 0.029562500000000113 0.02140625000000007
0 0.6826875 0.7112890625 0.027937499999999994 0.01585937500000001
0 0.9025000000000001 0.69125 0.046656249999999844 0.02937499999999993
0 0.49515624999999996 0.9853515625 0.0203125 0.017578125
0 0.5659375 0.986328125 0.046250000000000034 0.0234375
0 0.6207812500000001 0.9767578125 0.0234375 0.013671875
0 0.6428125 0.992578125 0.04937500000000004 0.014843750000000044
0 0.5779687499999999 0.704296875 0.03718749999999993 0.01953125
0 0.9574999999999999 0.8421875 0.015625 0.014843750000000044
