0 0.625359375 0.4107083333333333 0.03657812499999995 0.03768749999999995
0 0.470265625 0.47010416666666666 0.06881249999999994 0.02791666666666662
0 0.5183125000000001 0.4477083333333333 0.07712500000000003 0.07712499999999996
0 0.8519375 0.7682083333333334 0.04354687499999983 0.02483333333333325
0 0.335421875 0.7592916666666666 0.023062499999999986 0.014645833333333276
0 0.63615625 0.5149374999999999 0.02400000000000002 0.01452083333333339
0 0.588703125 0.4444166666666666 0.05890625000000007 0.05837499999999996
0 0.44821875 0.3999583333333333 0.040671874999999955 0.013937499999999995
0 0.508796875 0.5463333333333333 0.051156250000000014 0.014020833333333371
0 0.6325000000000001 0.6317083333333334 0.03373437500000005 0.023208333333333307
0 0.8351875 0.6785416666666666 0.06593750000000007 0.019874999999999924
0 0.834609375 0.7301458333333334 0.07053125000000007 0.055812499999999925
0 0.593515625 0.74175 0.03373437500000005 0.016520833333333228
