0 0.621547619047619 0.3928125 0.010952380952380972 0.016210937500000022
0 0.6652678571428572 0.7178125 0.03357142857142849 0.01351562499999992
0 0.9337500000000001 0.8142578125 0.12366071428571415 0.018281250000000027
0 0.3261904761904762 0.2525 0.009553571428571453 0.014023437500000013
0 0.8970535714285715 0.5977734375 0.013839285714285646 0.011601562500000107
0 0.980922619047619 0.521796875 0.011696428571428422 0.014101562500000053
0 0.8827083333333332 0.3868359375 0.012291666666666654 0.01937500000000003
0 0.4599107142857143 0.3653515625 0.011041666666666606 0.014492187500000031
0 0.6683035714285714 0.5234375 0.01160714285714279 0.01718749999999991
0 0.23630952380952383 0.7802734375 0.011309523809523844 0.01601562500000009
0 0.4478869047619048 0.617734375 0.01098214285714285 0.016562500000000036
