0 0.36003124999999997 0.7091015625 0.04728124999999998 0.03445312499999997
0 0.6215625 0.6150390625 0.030031250000000044 0.02109374999999991
0 0.68446875 0.642265625 0.021781250000000085 0.015937499999999938
0 0.66184375 0.7671875 0.021781250000000085 0.022109375000000098
0 0.70440625 0.8468359375 0.02056249999999995 0.018007812500000053
0 0.7307187500000001 0.7545703125 0.04278124999999999 0.040078124999999964
0 0.38184375 0.8180078125 0.01662499999999998 0.014765624999999893
0 0.68025 0.859296875 0.030281249999999992 0.021679687500000044
0 0.68134375 0.831640625 0.016249999999999966 0.014296875000000098
0 0.91978125 0.7393359375 0.019187499999999958 0.017070312500000018
0 0.8162499999999999 0.6971484375 0.02546874999999993 0.01937499999999992
0 0.76846875 0.6908984375 0.016968750000000022 0.02261718750000008
