0 0.327109375 0.876375 0.01143749999999999 0.010854166666666743
0 0.45390625 0.9927083333333333 0.0421875 0.014583333333333334
0 0.470015625 0.8306041666666667 0.011437500000000078 0.007458333333333418
0 0.6467968749999999 0.9607291666666666 0.013546874999999936 0.009020833333333419
0 0.86853125 0.9949583333333333 0.019984374999999943 0.010083333333333399
0 0.9838281249999999 0.9971458333333333 0.024281249999999942 0.005687500000000038
0 0.42859375 0.9042708333333334 0.015312499999999929 0.008541666666666715
0 0.07165625 0.9803958333333332 0.016437499999999994 0.018625000000000114
0 0.11921875 0.9018541666666666 0.011671874999999998 0.0070208333333333425
0 0.22765624999999998 0.8313541666666667 0.0078125 0.005625000000000094
