0 0.889859375 0.8620416666666666 0.012031250000000071 0.011499999999999962
0 0.8920781249999999 0.8446250000000001 0.016468749999999942 0.018479166666666675
0 0.82696875 0.7972083333333334 0.01125000000000007 0.012208333333333361
0 0.8157187499999999 0.8475833333333332 0.01700000000000017 0.013937500000000113
0 0.75296875 0.838 0.015421875000000007 0.012895833333333447
0 0.7353125 0.8517708333333334 0.014640625000000008 0.01672916666666661
0 0.683796875 0.8596041666666667 0.018828124999999928 0.015000000000000095
0 0.59646875 0.9235833333333333 0.0073281250000000854 0.016041666666666763
0 0.29796875 0.9352708333333334 0.007062499999999972 0.010812500000000114
0 0.368046875 0.9192291666666667 0.014374999999999982 0.015000000000000095
0 0.053468749999999995 0.80575 0.035828125 0.018125000000000096
0 0.18226562500000001 0.8012083333333333 0.021968750000000002 0.012541666666666628
0 0.060921875 0.6823125 0.008374999999999999 0.02091666666666659
0 0.174421875 0.6322916666666667 0.041312499999999995 0.019874999999999924
0 0.22475 0.41804166666666664 0.09126562500000002 0.03137500000000001
0 0.07334375 0.5458125 0.010718749999999999 0.010812500000000114
0 0.307390625 0.5794583333333333 0.044187500000000046 0.023020833333333237
0 0.344 0.6938333333333334 0.04576562500000003 0.03347916666666677
0 0.337453125 0.6301875 0.009671874999999996 0.015687499999999945
0 0.42021875 0.6526875000000001 0.029812500000000065 0.014645833333333276
0 0.47264062500000004 0.6877291666666667 0.044187499999999956 0.04706250000000007
0 0.45996875 0.5308333333333334 0.04810937499999994 0.05195833333333339
0 0.39903125 0.47120833333333334 0.04026562499999997 0.016395833333333342
0 0.515109375 0.8867083333333333 0.014281249999999978 0.014645833333333276
0 0.431359375 0.8074375 0.013734374999999943 0.013541666666666667
0 0.382078125 0.8522916666666667 0.018390624999999973 0.020500000000000067
0 0.335671875 0.9335625000000001 0.009609374999999965 0.008791666666666724
0 0.19329687499999998 0.8235416666666667 0.010984375000000001 0.01208333333333324
0 0.29557812499999997 0.776875 0.018953124999999994 0.018312499999999923
0 0.593765625 0.7620416666666666 0.027734375 0.012812499999999952
0 0.733671875 0.768625 0.020875000000000022 0.00987500000000002
0 0.8643750000000001 0.5877708333333334 0.0247187499999999 0.01793750000000003
0 0.49239062499999997 0.9676041666666666 0.009937500000000021 0.015062500000000038
0 0.46901562500000005 0.9899791666666666 0.02642187499999995 0.020041666666666676
0 0.7863749999999999 0.8185416666666666 0.018812499999999944 0.010562500000000105
0 0.803109375 0.48925 0.05285937499999997 0.02312500000000005
0 0.29003125 0.8637083333333333 0.011265624999999968 0.009187499999999934
0 0.3889375 0.8934791666666667 0.018359375 0.008624999999999971
0 0.35607812499999997 0.9226875 0.01356250000000001 0.012520833333333314
0 0.1625625 0.6785833333333334 0.04185937499999999 0.017312499999999887
