0 0.9184687500000001 0.7551666666666667 0.0444218750000001 0.02862500000000002
0 0.9797968750000001 0.530625 0.016468749999999942 0.010187499999999971
0 0.776390625 0.6351458333333333 0.00029687500000008527 0.000395833333333447
0 0.636671875 0.73025 0.009703125000000057 0.024312499999999914
0 0.51871875 0.789875 0.016171875000000037 0.025874999999999915
0 0.44018750000000006 0.819875 0.014406250000000042 0.02627083333333336
0 0.47828125000000005 0.8171250000000001 0.01353124999999995 0.018437500000000048
0 0.359890625 0.8396875 0.01793750000000003 0.02039583333333326
0 0.42459375 0.9232083333333333 0.00912500000000005 0.021187499999999915
0 0.43724999999999997 0.918125 0.012062500000000042 0.012541666666666628
0 0.27664062500000003 0.8028125 0.027937499999999994 0.03452083333333344
0 0.25090625 0.7410416666666666 0.015296875000000033 0.02627083333333336
0 0.44370312500000003 0.5334375 0.034296875000000074 0.017645833333333392
0 0.48460937499999995 0.5394583333333334 0.02887500000000003 0.014437499999999956
0 0.46264062499999997 0.6551666666666667 0.01925000000000008 0.013229166666666714
0 0.52853125 0.669 0.018046874999999928 0.0272708333333334
0 0.8195625 0.472875 0.08873437499999995 0.0345
0 0.888359375 0.6397708333333333 0.0419062499999999 0.020416666666666573
0 0.922390625 0.6889375 0.013296874999999986 0.015583333333333371
0 0.72221875 0.6868125 0.09614062499999995 0.03306250000000001
0 0.9535312499999999 0.9135624999999999 0.018062499999999915 0.02449999999999998
0 0.95490625 0.8298958333333334 0.011640625000000071 0.013874999999999934
0 0.98184375 0.8447916666666667 0.016531249999999886 0.015104166666666667
0 0.756359375 0.7677291666666667 0.013765624999999915 0.016145833333333335
0 0.21181250000000001 0.8155833333333333 0.02768750000000002 0.030083333333333448
0 0.233875 0.7736458333333334 0.0109375 0.046500000000000104
0 0.299859375 0.7355833333333333 0.011624999999999996 0.02052083333333338
0 0.19437500000000002 0.7478750000000001 0.016750000000000022 0.015958333333333265
0 0.146859375 0.7775208333333333 0.020859374999999993 0.017770833333333277
0 0.16309374999999998 0.8160416666666667 0.012999999999999989 0.014583333333333334
0 0.175578125 0.9065416666666667 0.021546874999999986 0.03966666666666659
0 0.199515625 0.969 0.01881250000000001 0.026895833333333268
0 0.288234375 0.8953541666666667 0.01846874999999999 0.02735416666666666
0 0.316265625 0.8367916666666667 0.027359374999999984 0.03327083333333339
0 0.111984375 0.8290416666666667 0.028374999999999994 0.025979166666666723
0 0.21335937500000002 0.7487916666666667 0.019828124999999995 0.03327083333333339
0 0.24378125 0.7086875 0.012312499999999994 0.015041666666666724
0 0.1820625 0.8294791666666667 0.027687499999999997 0.03691666666666672
0 0.38482812499999997 0.9224791666666667 0.015390625000000036 0.046958333333333255
0 0.42465624999999996 0.8547916666666667 0.010249999999999915 0.014583333333333334
0 0.343453125 0.76725 0.022906250000000038 0.03372916666666678
0 0.197734375 0.7109583333333334 0.022796875000000005 0.024125000000000084
0 0.2669375 0.74425 0.015078124999999965 0.01743750000000001
0 0.300453125 0.8041250000000001 0.012406249999999997 0.021895833333333316
