0 0.47996875 0.8703541666666667 0.027718750000000014 0.013583333333333296
0 0.72475 0.9525625000000001 0.04892187499999991 0.013583333333333296
0 0.7857031250000001 0.961625 0.06448437499999997 0.02112499999999997
0 0.7636406250000001 0.93825 0.031671874999999974 0.027145833333333275
0 0.92696875 0.9348541666666667 0.06815624999999984 0.0196041666666666
0 0.8342031249999999 0.8995833333333334 0.05006249999999994 0.011687500000000028
0 0.8289687499999999 0.862625 0.0248906250000001 0.011687500000000028
0 0.785984375 0.8462291666666667 0.01867187500000007 0.015083333333333353
0 0.850609375 0.861875 0.011031249999999914 0.0109375
0 0.991984375 0.8860208333333334 0.016031249999999986 0.012437500000000056
0 0.683734375 0.8596041666666667 0.011031249999999914 0.010187499999999971
0 0.082875 0.9176875 0.037328125000000004 0.0109375
0 0.226828125 0.9031666666666667 0.03790624999999999 0.015083333333333353
0 0.24521874999999999 0.838875 0.022625000000000027 0.0109375
0 0.5249375 0.9084583333333334 0.05034375000000004 0.009812500000000076
0 0.4915625 0.8918541666666666 0.05995312500000001 0.012812499999999952
0 0.66903125 0.9906666666666666 0.011593749999999936 0.009812500000000076
0 0.8294375 0.9219583333333333 0.03207812499999996 0.011458333333333333
0 0.7184375000000001 0.9281666666666666 0.04532812499999998 0.017041666666666563
0 0.6349843749999999 0.9120416666666666 0.024406250000000008 0.010854166666666743
0 0.41448437499999996 0.9010416666666666 0.04184374999999996 0.015500000000000114
0 0.17585937499999998 0.8542291666666666 0.02859375000000002 0.008687499999999914
0 0.17225 0.8753124999999999 0.014875000000000017 0.009291666666666743
0 0.28303124999999996 0.9205625000000001 0.010921875000000015 0.011770833333333286
0 0.242234375 0.9168333333333333 0.012546874999999957 0.007437500000000105
0 0.119140625 0.8162708333333334 0.013718750000000002 0.008979166666666554
0 0.057421875 0.8370208333333333 0.01998437499999999 0.008374999999999962
0 0.096703125 0.8202916666666666 0.013484374999999993 0.008374999999999962
