0 0.9563124999999999 0.24633333333333332 0.051046875000000116 0.0372083333333333
0 0.9816874999999999 0.17814583333333334 0.028968749999999942 0.02877083333333334
0 0.228171875 0.31072916666666667 0.019296875000000036 0.01270833333333338
0 0.150640625 0.34529166666666666 0.012093750000000014 0.016125000000000018
0 0.154125 0.3652708333333334 0.00882812500000001 0.025729166666666713
0 0.447453125 0.2689791666666667 0.019468750000000055 0.018791666666666658
0 0.38115625 0.31464583333333335 0.011078124999999961 0.017000000000000053
0 0.3835 0.2705625 0.024281250000000032 0.023916666666666676
0 0.44821875 0.6732083333333333 0.023375000000000055 0.019791666666666666
0 0.425625 0.8161875 0.02053124999999998 0.02106250000000003
0 0.18509375 0.7892291666666666 0.023375000000000014 0.018520833333333306
0 0.212734375 0.7907083333333333 0.022421875000000036 0.015583333333333371
0 0.717484375 0.5905 0.05809374999999992 0.04543749999999989
