0 0.365984375 0.6817708333333333 0.02670312499999996 0.01754166666666658
0 0.5091875 0.8009791666666667 0.030578125000000077 0.028895833333333343
0 0.903421875 0.8564583333333334 0.016250000000000143 0.022187499999999954
0 0.667125 0.9718125000000001 0.011999999999999922 0.022708333333333285
0 0.65434375 0.8933541666666667 0.01587499999999995 0.01341666666666678
0 0.6125468749999999 0.8845833333333334 0.012765624999999937 0.01341666666666678
0 0.191046875 0.5632708333333334 0.03579687499999999 0.01793750000000003
0 0.260640625 0.5602291666666667 0.037328124999999976 0.02162499999999999
0 0.687828125 0.7066458333333333 0.029062500000000036 0.02162499999999999
0 0.51515625 0.8903958333333333 0.02631250000000005 0.015500000000000114
0 0.9209375 0.7282708333333333 0.015593750000000028 0.010187499999999971
