0 0.9289375 0.6171484375 0.035218749999999945 0.03035156249999993
0 0.9551875000000001 0.7210546875 0.08959374999999987 0.025351562500000036
0 0.5115937500000001 0.8265625 0.0234375 0.0146484375
0 0.5565625 0.7255859375 0.04243749999999995 0.031289062499999964
0 0.32071875 0.82796875 0.016156249999999962 0.013476562499999956
0 0.17978125 0.861796875 0.014281249999999978 0.017031250000000053
0 0.10184375000000001 0.9483203125 0.023125000000000007 0.02058593749999993
0 0.71578125 0.793828125 0.01850000000000005 0.09980468750000004
0 0.6815 0.829609375 0.03153124999999992 0.01968750000000008
0 0.614 0.9760546875 0.27890625 0.047890624999999964
