0 0.8791666666666667 0.71046875 0.0229166666666668 0.014687499999999964
0 0.6963690476190476 0.690078125 0.01782738095238098 0.023398437500000036
0 0.7144345238095239 0.6603125 0.014255952380952442 0.02140625000000007
0 0.48714285714285716 0.0747265625 0.016488095238095298 0.024843749999999998
0 0.4642857142857143 0.0974609375 0.010119047619047552 0.023046874999999994
0 0.8730654761904763 0.58359375 0.009226190476190544 0.012499999999999956
0 0.9019345238095239 0.7138671875 0.00744047619047619 0.014453124999999956
0 0.9302083333333334 0.6796875 0.00803571428571442 0.02109374999999991
0 0.9736607142857142 0.8513671875 0.010416666666666666 0.03476562499999991
0 0.7662202380952381 0.6607421875 0.009226190476190544 0.018359374999999956
