0 0.98359375 0.8958333333333334 0.0328125 0.016666666666666666
0 0.7378125 0.731375 0.012515624999999985 0.015229166666666552
0 0.34182812500000004 0.7933541666666667 0.011812500000000004 0.007041666666666657
0 0.44164062499999995 0.7822916666666667 0.007796875000000014 0.010395833333333352
0 0.483390625 0.7888333333333333 0.011812499999999915 0.009395833333333315
0 0.3384375 0.7065416666666666 0.02865624999999996 0.027145833333333275
0 0.04512499999999999 0.8614166666666667 0.009812499999999997 0.013083333333333277
0 0.008421874999999999 0.8320833333333333 0.009812499999999998 0.01072916666666662
0 0.0995625 0.825375 0.010062499999999997 0.008041666666666695
0 0.12559375 0.855375 0.014828125000000015 0.011729166666666657
0 0.198640625 0.8671041666666667 0.012062500000000021 0.010395833333333352
0 0.23395312499999998 0.7559583333333334 0.017343750000000036 0.008041666666666695
0 0.189078125 0.5989166666666667 0.024640625000000017 0.019770833333333352
0 0.548 0.7476041666666667 0.009812499999999957 0.010062500000000085
0 0.639140625 0.8535416666666666 0.010062500000000085 0.012729166666666696
0 0.72978125 0.8418125 0.007296874999999936 0.012062499999999924
0 0.8443125 0.8361041666666666 0.008546875000000042 0.015416666666666618
0 0.9008906250000001 0.8465 0.006031249999999844 0.015416666666666618
0 0.98109375 0.6537291666666667 0.015593750000000028 0.01341666666666678
0 0.8229531250000001 0.6156874999999999 0.01659374999999983 0.011062499999999887
0 0.37178125 0.8561458333333333 0.027937499999999994 0.017645833333333392
0 0.366515625 0.7773958333333333 0.039453125 0.015687499999999945
0 0.17571874999999998 0.8484583333333333 0.028921874999999986 0.01470833333333322
0 0.20734375 0.8541875 0.011281250000000043 0.009145833333333304
0 0.138109375 0.8055 0.009062500000000018 0.013729166666666733
0 0.11873437499999999 0.8290208333333333 0.024265625000000002 0.010458333333333295
0 0.050859375 0.7772291666666666 0.022796875000000005 0.008812500000000037
0 0.060046875 0.847 0.016171874999999992 0.011770833333333286
