0 0.8884821428571428 0.8011328125 0.11872023809523806 0.14730468749999992
0 0.716875 0.660078125 0.1068749999999999 0.03957031249999998
0 0.48270833333333335 0.9696875 0.12940476190476197 0.060585937499999964
0 0.25163690476190476 0.5619921875 0.2652976190476191 0.11394531250000006
0 0.7307142857142858 0.7865625 0.016458333333333252 0.01816406249999991
0 0.7112797619047619 0.849453125 0.03229166666666673 0.015117187500000018
0 0.3933630952380952 0.8405859375 0.03294642857142855 0.02855468750000001
0 0.430922619047619 0.8827734375 0.025684523809523796 0.028124999999999956
0 0.4320833333333334 0.825234375 0.0418452380952381 0.04800781250000008
0 0.3113392857142857 0.8194140625 0.11598214285714285 0.06660156250000004
0 0.06321428571428571 0.84578125 0.03776785714285714 0.022890625000000053
0 0.09279761904761905 0.9378125 0.013452380952380941 0.03718749999999993
0 0.9674404761904762 0.91546875 0.022113095238095088 0.023125000000000062
