0 0.56221875 0.8565625 0.019765624999999964 0.008979166666666554
0 0.59696875 0.8458541666666667 0.021390625000000087 0.011770833333333286
0 0.58871875 0.7962708333333333 0.04857812500000005 0.011770833333333286
0 0.452140625 0.8216875 0.04509375000000002 0.024791666666666618
0 0.51665625 0.7803125000000001 0.018359375 0.01270833333333338
0 0.344390625 0.9662916666666667 0.013718749999999957 0.01208333333333324
0 0.119140625 0.9450416666666667 0.04626562500000001 0.016125000000000018
0 0.137265625 0.900875 0.029984374999999997 0.0102291666666666
0 0.17098437500000002 0.8453958333333333 0.044859375000000014 0.01208333333333324
0 0.085078125 0.8408958333333333 0.022781249999999996 0.018604166666666564
0 0.019296874999999998 0.8345416666666666 0.027437499999999997 0.01270833333333338
0 0.03765625 0.8145625 0.013484375000000003 0.010541666666666553
0 0.0754375 0.7846458333333334 0.04346874999999999 0.01270833333333338
0 0.10623437499999999 0.7348958333333333 0.01395312500000001 0.009291666666666743
0 0.21607812499999998 0.8049583333333333 0.019765624999999964 0.011770833333333286
0 0.28918750000000004 0.818125 0.053468749999999954 0.03316666666666658
0 0.2825625 0.7981250000000001 0.03510937499999996 0.021083333333333343
0 0.33475 0.8452500000000001 0.03487499999999999 0.013020833333333334
0 0.34753124999999996 0.8302083333333333 0.011156249999999979 0.01270833333333338
0 0.372171875 0.8455625 0.03021874999999996 0.018604166666666564
0 0.596078125 0.8718541666666667 0.03507812500000007 0.012125000000000104
