0 0.758015625 0.3860208333333333 0.05731249999999992 0.019916666666666673
0 0.47459375000000004 0.29735416666666664 0.025453124999999945 0.01395833333333331
0 0.48059375 0.31302083333333336 0.006406250000000035 0.006062500000000052
0 0.40640625 0.4094583333333333 0.01549999999999998 0.013229166666666714
0 0.460546875 0.41925 0.022937499999999923 0.008541666666666715
0 0.5006406250000001 0.4451458333333333 0.01590624999999992 0.010187499999999971
0 0.561296875 0.4857916666666667 0.04875000000000007 0.011333333333333329
0 0.644625 0.3904583333333333 0.014265624999999994 0.008604166666666658
0 0.6702656250000001 0.38512500000000005 0.008156250000000042 0.0056666666666667235
0 0.821203125 0.49804166666666666 0.010031250000000113 0.008666666666666718
0 0.514765625 0.31854166666666667 0.005781250000000071 0.007500000000000047
