0 0.833046875 0.3486458333333333 0.006406249999999858 0.008958333333333356
0 0.754921875 0.44958333333333333 0.006093749999999965 0.009583333333333381
0 0.49289062499999997 0.39489583333333333 0.00828124999999993 0.008124999999999953
0 0.22898437500000002 0.35552083333333334 0.005156250000000018 0.007291666666666667
0 0.1678125 0.5575 0.005937500000000017 0.007916666666666572
0 0.099609375 0.4859375 0.005781249999999993 0.007291666666666667
0 0.10953125 0.4841666666666667 0.006875000000000009 0.007500000000000047
0 0.9297656249999999 0.364375 0.004531250000000142 0.00625
0 0.993515625 0.5467708333333333 0.004531250000000142 0.008124999999999953
0 0.29881250000000004 0.30547916666666663 0.01814062500000002 0.01427083333333338
