0 0.7129218749999999 0.46820833333333334 0.08001562500000006 0.047145833333333324
0 0.29112499999999997 0.7414166666666666 0.011140624999999993 0.009791666666666761
0 0.317421875 0.7022291666666667 0.013984374999999983 0.014208333333333437
0 0.248109375 0.6888124999999999 0.04503124999999999 0.032229166666666725
0 0.261140625 0.7178749999999999 0.04360937500000004 0.019583333333333286
0 0.28117187499999996 0.689125 0.02251562500000004 0.01895833333333338
0 0.41695312500000004 0.7395208333333334 0.030562499999999916 0.07614583333333323
0 0.195625 0.8557916666666666 0.04431249999999998 0.04202083333333325
0 0.298 0.8986041666666666 0.008765625000000022 0.009479166666666572
0 0.17275000000000001 0.7774375 0.00948437499999999 0.00916666666666662
0 0.18603125 0.8035 0.03270312500000001 0.028437499999999952
0 0.690890625 0.9192083333333334 0.008624999999999971 0.01229166666666662
0 0.6966875 0.9540833333333333 0.013671875 0.013083333333333277
0 0.6463125 0.8401458333333333 0.011593749999999936 0.011104166666666752
0 0.5931093749999999 0.8296458333333334 0.013968750000000085 0.01229166666666662
0 0.6760312500000001 0.6745 0.012781249999999921 0.010312500000000094
0 0.250234375 0.8689583333333334 0.008624999999999971 0.009999999999999905
