0 0.3119375 0.8481666666666666 0.027671874999999967 0.03181249999999996
0 0.8270156249999999 0.7983333333333333 0.042312499999999885 0.022062500000000065
0 0.238265625 0.4979375 0.04045312499999998 0.028958333333333287
0 0.22115625 0.7866875 0.01576562499999996 0.020229166666666742
0 0.26071875 0.7914375 0.01932812500000001 0.018645833333333427
0 0.046406249999999996 0.9538541666666667 0.023203125 0.03410416666666668
0 0.14025 0.7961875 0.01932812500000001 0.021020833333333398
0 0.039859375 0.6823750000000001 0.014875000000000005 0.02418750000000003
0 0.6875 0.7868125 0.04639062500000009 0.030270833333333278
0 0.776328125 0.57975 0.03915624999999991 0.025
0 0.8276562500000001 0.6505833333333333 0.043109374999999873 0.043874999999999886
0 0.5300625 0.6951250000000001 0.04145312499999996 0.020624999999999952
0 0.28131249999999997 0.6681458333333333 0.04343750000000002 0.029833333333333437
0 0.25779687500000004 0.6258125 0.022703124999999956 0.01975000000000004
0 0.323109375 0.6442291666666667 0.016453124999999957 0.01975000000000004
0 0.765390625 0.9152083333333334 0.01779687499999998 0.022562500000000086
0 0.721171875 0.8678541666666667 0.010374999999999978 0.01747916666666664
0 0.819671875 0.9495833333333333 0.013421874999999871 0.022354166666666706
