0 0.425875 0.5553333333333333 0.04024999999999999 0.04314583333333341
0 0.454296875 0.6894791666666666 0.03889062499999998 0.03372916666666678
0 0.325390625 0.7353541666666668 0.04867187499999996 0.042062500000000114
0 0.8091875 0.7882916666666666 0.018765624999999987 0.015958333333333265
0 0.777515625 0.7641875 0.01850000000000005 0.011958333333333352
0 0.798171875 0.764 0.020124999999999994 0.015958333333333265
0 0.745140625 0.7922916666666667 0.016859374999999944 0.012333333333333248
0 0.679609375 0.828 0.017953125000000014 0.010520833333333238
0 0.9867968749999999 0.7792291666666666 0.02640625000000014 0.015958333333333265
0 0.834625 0.5219583333333334 0.028828125000000072 0.025020833333333374
0 0.28135937499999997 0.6309583333333334 0.038671875 0.022958333333333296
0 0.185953125 0.48725 0.09504687500000002 0.04118749999999996
0 0.147875 0.7141249999999999 0.04764062500000001 0.03018750000000002
0 0.28709375000000004 0.8338541666666667 0.034140625000000036 0.02820833333333326
0 0.1925625 0.8690416666666666 0.06517187500000002 0.02408333333333322
0 0.052625 0.9117291666666667 0.03865624999999999 0.019187500000000076
0 0.098890625 0.899875 0.04034375000000001 0.030854166666666554
0 0.4261875 0.8297291666666666 0.014390625000000056 0.010916666666666686
0 0.5176093749999999 0.8891666666666667 0.013828125000000035 0.013166666666666771
0 0.608328125 0.9203958333333334 0.018062499999999915 0.013916666666666562
0 0.6933906249999999 0.7885208333333333 0.012703124999999992 0.011291666666666582
0 0.8588749999999999 0.7704791666666666 0.031593750000000045 0.017312499999999887
0 0.890625 0.7708541666666666 0.011562500000000142 0.009020833333333419
0 0.8674843750000001 0.7990625 0.0459843750000001 0.033104166666666636
0 0.708703125 0.4344375 0.03882812500000003 0.022104166666666696
