0 0.020773809523809524 0.9732421875 0.04154761904761905 0.053515624999999956
0 0.3320535714285714 0.7596484375 0.0285119047619048 0.024726562499999938
0 0.5788988095238095 0.981796875 0.13187500000000002 0.03640624999999997
0 0.9453273809523809 0.83109375 0.10934523809523812 0.06210937499999991
0 0.9599702380952382 0.9591796875 0.03720238095238095 0.04816406249999994
0 0.8966964285714286 0.7046484375 0.07678571428571415 0.09953125000000007
0 0.9080654761904763 0.731875 0.0231845238095237 0.029804687499999982
0 0.8641071428571427 0.693203125 0.03187500000000011 0.031054687499999956
0 0.7798214285714286 0.6773828125 0.1308928571428572 0.0716406249999999
0 0.7278869047619048 0.40859375 0.26758928571428564 0.08429687499999994
0 0.280625 0.592109375 0.06955357142857144 0.03042968750000008
0 0.5414583333333334 0.679921875 0.039613095238095246 0.01839843749999992
0 0.5805654761904762 0.89609375 0.029940476190476198 0.0361328125
0 0.479375 0.9672265625 0.10964285714285724 0.0655468749999999
0 0.5854166666666666 0.9445703125 0.08306547619047626 0.024101562500000062
0 0.6566369047619047 0.947734375 0.020773809523809576 0.024101562500000062
0 0.5542559523809524 0.768359375 0.04684523809523812 0.03167968750000005
