0 0.367953125 0.8149583333333333 0.028281250000000036 0.030812499999999923
0 0.733546875 0.6830208333333334 0.03379687499999999 0.029812499999999888
0 0.7565625 0.6745208333333333 0.010656250000000079 0.032250000000000036
0 0.8744999999999999 0.6701875 0.04368750000000006 0.04991666666666674
0 0.28967187499999997 0.6069166666666667 0.018203124999999966 0.012833333333333268
0 0.25964062499999996 0.4855625 0.03510937499999996 0.016979166666666618
0 0.29812500000000003 0.48764583333333333 0.033546875000000045 0.019770833333333352
0 0.46364062500000003 0.6722083333333334 0.008624999999999971 0.027500000000000094
0 0.5937187500000001 0.8068958333333334 0.012171874999999943 0.018125000000000096
0 0.6275937500000001 0.9023333333333333 0.010562499999999985 0.017104166666666743
0 0.6759999999999999 0.907875 0.008796874999999992 0.010062500000000085
0 0.6883125 0.8490208333333332 0.008296874999999915 0.012395833333333429
0 0.8680937500000001 0.9928125 0.016343750000000056 0.014354166666666638
0 0.9846406249999999 0.8766875 0.0070468749999999854 0.01139583333333339
0 0.477359375 0.5389166666666667 0.007796875000000014 0.008374999999999962
0 0.08246875000000001 0.7047083333333333 0.012062499999999999 0.030166666666666706
0 0.32825000000000004 0.8374583333333334 0.012328124999999978 0.03822916666666672
0 0.8311093749999999 0.7917916666666667 0.011484374999999858 0.009916666666666648
0 0.737609375 0.6152916666666666 0.012843750000000043 0.009604166666666695
0 0.754609375 0.6300208333333334 0.005859375 0.01381249999999999
0 0.70753125 0.9281874999999999 0.007656249999999964 0.011708333333333343
0 0.745609375 0.9268333333333333 0.009468749999999915 0.010812500000000114
0 0.9051406249999999 0.9630416666666667 0.008109375000000085 0.00870833333333323
0 0.9167343750000001 0.86975 0.009234375000000128 0.0078125
0 0.8874531250000001 0.813125 0.010593749999999957 0.015916666666666638
0 0.938484375 0.747625 0.009015624999999972 0.009312500000000057
0 0.6954687500000001 0.7629583333333334 0.020046875000000065 0.021937499999999943
0 0.57728125 0.7877500000000001 0.007656249999999964 0.010208333333333286
0 0.61615625 0.7043750000000001 0.016453124999999957 0.009312500000000057
0 0.70865625 0.615 0.009921875000000035 0.018625000000000114
0 0.8614218749999999 0.5134375 0.043265625000000085 0.04445833333333334
0 0.683859375 0.51525 0.029296875 0.03243749999999999
0 0.672265625 0.5161458333333333 0.013296874999999986 0.013229166666666714
0 0.68859375 0.5322291666666666 0.011265625000000057 0.014729166666666653
0 0.7038125 0.5685625000000001 0.04573437499999997 0.025541666666666647
0 0.788296875 0.4565208333333333 0.017343750000000036 0.015312500000000047
0 0.35724999999999996 0.6186041666666667 0.011046874999999989 0.03125
0 0.352078125 0.7396666666666667 0.017343750000000036 0.02404166666666659
0 0.313546875 0.7183333333333334 0.007437499999999986 0.011416666666666705
0 0.275015625 0.7737708333333334 0.010140625000000014 0.017729166666666647
0 0.7770937499999999 0.91175 0.011609374999999922 0.0117916666666666
0 0.762828125 0.8535625 0.006265624999999986 0.008354166666666647
0 0.7649375 0.9139583333333333 0.007921875000000078 0.012770833333333323
0 0.78059375 0.9311458333333333 0.011234375000000085 0.007374999999999924
0 0.7304062499999999 0.9447916666666667 0.007359375000000057 0.008104166666666638
0 0.78290625 0.9780625000000001 0.007359375000000057 0.00933333333333337
0 0.885203125 0.7747291666666667 0.007546874999999886 0.007854166666666629
0 0.778296875 0.7498125000000001 0.0066250000000000146 0.007124999999999914
