0 0.0063437499999999996 0.76359375 0.012656249999999999 0.0146484375
0 0.28571875 0.8837890625 0.01584374999999998 0.019023437500000018
0 0.30759375 0.8065625 0.012031249999999983 0.015820312500000044
0 0.31471875 0.780625 0.016781250000000015 0.020195312500000062
0 0.33703125 0.73828125 0.015218750000000014 0.01781250000000001
0 0.1989375 0.7266015625 0.017750000000000023 0.021367187500000107
0 0.1889375 0.79015625 0.019312499999999976 0.021796874999999938
0 0.18515625 0.66421875 0.014250000000000007 0.017031250000000053
0 0.27131249999999996 0.6614453125 0.016156249999999962 0.015429687499999956
0 0.18371875 0.609765625 0.017749999999999978 0.021367187500000107
0 0.28225 0.703046875 0.015218750000000014 0.018593749999999964
0 0.49890625 0.98515625 0.020937499999999963 0.018750000000000044
0 0.5284375 0.864453125 0.01062499999999993 0.014843750000000044
0 0.67734375 0.9884765625 0.01843749999999993 0.02304687499999991
0 0.71296875 0.9654296875 0.0109375 0.013671875
0 0.716875 0.99140625 0.011875000000000035 0.01718749999999991
0 0.73515625 0.991796875 0.016562500000000036 0.016406249999999956
0 0.76328125 0.9802734375 0.015312499999999929 0.016796875000000044
0 0.82421875 0.951171875 0.020937500000000143 0.018750000000000044
0 0.95640625 0.9478515625 0.015312499999999929 0.020703125000000044
0 0.9253125000000001 0.980078125 0.013125000000000142 0.015625
0 0.93421875 0.872265625 0.013437499999999858 0.026562500000000044
0 0.9106249999999999 0.742578125 0.02312499999999993 0.012499999999999956
0 0.94140625 0.7390625 0.024687499999999928 0.012499999999999956
0 0.8553124999999999 0.847265625 0.014999999999999857 0.018750000000000044
0 0.82890625 0.887109375 0.009687500000000071 0.015625
0 0.84078125 0.9220703125 0.01843749999999993 0.02304687499999991
0 0.78453125 0.871484375 0.013437500000000036 0.016406249999999956
0 0.75515625 0.8173828125 0.019062500000000072 0.017578125
0 0.72328125 0.8513671875 0.01281250000000007 0.02382812500000009
0 0.71609375 0.802734375 0.011562499999999965 0.01796875000000009
0 0.46484375 0.7548828125 0.016562500000000036 0.020703125000000044
0 0.6359375 0.770703125 0.04375 0.015625
0 0.68578125 0.7623046875 0.055312499999999966 0.028515625000000044
0 0.56796875 0.6599609375 0.0171875 0.018359374999999956
0 0.6078125 0.6830078125 0.016249999999999966 0.01914062499999991
0 0.43765625 0.415234375 0.029062500000000036 0.014062499999999978
0 0.4090625 0.5646484375 0.013749999999999929 0.016796875000000044
0 0.565625 0.7751953125 0.01062499999999993 0.017578125
0 0.73265625 0.6033203125 0.009687500000000071 0.01992187500000009
0 0.9928125 0.4779296875 0.014375000000000072 0.014453124999999956
0 0.8865624999999999 0.46953125 0.02437499999999986 0.014843750000000044
0 0.68578125 0.465234375 0.039687499999999966 0.01953125
0 0.47203125 0.4515625 0.022187500000000072 0.010937500000000044
0 0.9734999999999999 0.769375 0.026156250000000013 0.021835937499999902
0 0.97090625 0.886796875 0.012437500000000056 0.018906249999999902
0 0.7903749999999999 0.94671875 0.022531249999999937 0.033984374999999956
0 0.6785625 0.8778125 0.013968750000000085 0.018437500000000107
0 0.6546875 0.989375 0.01281250000000007 0.02124999999999999
0 0.70265625 0.9224609375 0.014750000000000086 0.021367187500000107
0 0.7571875 0.8829296875 0.01281250000000007 0.01601562500000009
0 0.74515625 0.66328125 0.009062499999999928 0.022656250000000044
0 0.7498437499999999 0.734765625 0.010312500000000035 0.015625
0 0.7584375 0.779296875 0.013124999999999965 0.01796875000000009
0 0.74390625 0.7939453125 0.013437500000000036 0.013671875
0 0.7278125 0.7689453125 0.013749999999999929 0.017578125
0 0.77921875 0.813671875 0.015312499999999929 0.01796875000000009
0 0.7106250000000001 0.8236328125 0.01125000000000007 0.013671875
0 0.74671875 0.921484375 0.010312500000000035 0.014062500000000089
0 0.9084375 0.8720703125 0.026875000000000072 0.026171874999999956
0 0.8703125 0.7541015625 0.02562500000000014 0.014453124999999956
0 0.91375 0.7853515625 0.016874999999999928 0.01992187500000009
0 0.97 0.8111328125 0.011874999999999858 0.016796875000000044
0 0.8892187500000001 0.8298828125 0.0140625 0.017578125
0 0.7284375 0.869921875 0.014375000000000072 0.015625
0 0.77 0.91640625 0.015000000000000036 0.01718749999999991
0 0.803125 0.840234375 0.01062499999999993 0.01953125
0 0.55984375 0.5642578125 0.01593750000000007 0.013671875
0 0.4803125 0.6150390625 0.009999999999999964 0.012109375000000089
0 0.0925 0.5744140625 0.06625 0.022265624999999956
