0 0.9360312499999999 0.9912109375 0.0705937500000001 0.017539062500000036
0 0.780125 0.898515625 0.02056249999999995 0.02914062499999992
0 0.7359375 0.8526953125 0.013718749999999957 0.029960937500000062
0 0.61053125 0.9469140625 0.015750000000000063 0.01796875000000009
0 0.57096875 0.9205859375 0.016093749999999928 0.01839843749999992
0 0.5601875 0.815 0.028781249999999935 0.02140625000000007
0 0.8094374999999999 0.652890625 0.021593749999999988 0.01585937500000001
0 0.9938750000000001 0.7284765625 0.0122187499999999 0.02140625000000007
0 0.89371875 0.7218359375 0.04146874999999994 0.025273437500000107
0 0.689 0.71546875 0.04250000000000007 0.020039062499999982
0 0.43925000000000003 0.6642578125 0.02809375000000003 0.01968750000000008
0 0.08615625 0.8184375 0.051750000000000004 0.016289062500000062
0 0.18209375 0.867890625 0.0140625 0.023554687499999893
0 0.11768749999999999 0.8330078125 0.013375000000000003 0.017148437499999947
0 0.02859375 0.7137109375 0.022968749999999996 0.01156249999999992
0 0.22978125 0.7172265625 0.013156250000000026 0.017695312499999893
0 0.7837500000000001 0.751484375 0.014343749999999923 0.01601562500000009
0 0.93203125 0.7224609375 0.02156249999999993 0.014453124999999956
0 0.8045312499999999 0.689453125 0.017812500000000054 0.010937500000000044
0 0.6769999999999999 0.78046875 0.022062500000000006 0.024843750000000053
0 0.7229687499999999 0.7416015625 0.10374999999999997 0.020703125000000044
0 0.7423124999999999 0.72390625 0.03275000000000006 0.023007812499999947
0 0.4095 0.8119921875 0.011781249999999943 0.017031250000000053
0 0.33703125 0.9947265625 0.0140625 0.010546874999999956
0 0.26765625000000004 0.921484375 0.0171875 0.01796875000000009
0 0.18421875000000001 0.9240234375 0.0140625 0.018359374999999956
0 0.19578125000000002 0.987109375 0.015937500000000004 0.01953125
0 0.28109375000000003 0.96640625 0.0203125 0.01796875000000009
0 0.2015625 0.9431640625 0.0125 0.01601562500000009
0 0.53703125 0.8369140625 0.0109375 0.015234374999999911
0 0.58546875 0.8318359375 0.04281249999999996 0.01601562500000009
0 0.5001562500000001 0.8392578125 0.01281250000000007 0.01601562500000009
0 0.4771875 0.878125 0.021250000000000036 0.02187500000000009
0 0.5042187499999999 0.8599609375 0.01218749999999993 0.013671875
0 0.48421875 0.6994140625 0.04718750000000007 0.012109375000000089
0 0.98796875 0.6767578125 0.024062500000000143 0.013671875
0 0.8306250000000001 0.65390625 0.014375000000000072 0.015625
0 0.64234375 0.7810546875 0.014687499999999964 0.015234374999999911
0 0.6285937500000001 0.7470703125 0.0203125 0.012890625000000044
0 0.18687499999999999 0.709765625 0.015625 0.018750000000000044
0 0.21953125 0.826953125 0.011562499999999965 0.008593749999999956
0 0.22671875 0.95078125 0.016562500000000036 0.012499999999999956
0 0.23578125 0.97109375 0.0171875 0.01953125
0 0.25859375 0.973828125 0.022812500000000034 0.03125
