0 0.94728125 0.8685546875 0.029093749999999828 0.019960937500000053
0 0.8386250000000001 0.8553515625 0.034218750000000145 0.019257812500000027
0 0.3850625 0.779765625 0.028531249999999987 0.016406249999999956
0 0.6783125 0.984453125 0.010281250000000065 0.02066406250000008
0 0.34921875 0.93125 0.009062500000000018 0.010937500000000044
0 0.03453125 0.9228515625 0.049687499999999996 0.01601562500000009
0 0.43296875 0.8185546875 0.04281249999999996 0.010546874999999956
0 0.6405624999999999 0.845546875 0.03212499999999992 0.015390624999999991
0 0.8815625 0.8611328125 0.018124999999999857 0.014453124999999956
0 0.7571875 0.784375 0.022499999999999964 0.013281249999999911
0 0.64234375 0.869140625 0.05343750000000007 0.014843750000000044
0 0.7264062499999999 0.884375 0.01593750000000007 0.01718749999999991
0 0.6950000000000001 0.87421875 0.04499999999999993 0.01171875
0 0.68796875 0.854296875 0.034062499999999926 0.02734375
0 0.58140625 0.90625 0.0109375 0.012499999999999956
0 0.43890624999999994 0.982421875 0.015312499999999929 0.012499999999999956
0 0.45171875000000006 0.9326171875 0.01218749999999993 0.013671875
0 0.49921875 0.95390625 0.038437500000000034 0.022656250000000044
0 0.4971875 0.9341796875 0.03249999999999993 0.016796875000000044
0 0.3203125 0.8091796875 0.03687500000000003 0.01601562500000009
0 0.20109375 0.94140625 0.02156250000000002 0.010937500000000044
0 0.938125 0.8146484375 0.027499999999999858 0.01601562500000009
0 0.9785937499999999 0.98046875 0.04281250000000014 0.01718749999999991
0 0.76375 0.821875 0.04812499999999993 0.014062500000000089
0 0.7528125 0.84140625 0.021875 0.014062500000000089
0 0.7965625 0.84375 0.03437499999999991 0.01796875000000009
0 0.78125 0.787109375 0.013124999999999965 0.013281249999999911
