0 0.09465625 0.7904166666666667 0.011812500000000004 0.015749999999999886
0 0.044375 0.8095 0.012171875000000004 0.016708333333333294
0 0.039546874999999995 0.5317500000000001 0.012718750000000001 0.009541666666666693
0 0.7107812499999999 0.6790625 0.03148437499999997 0.019270833333333334
0 0.8112656250000001 0.6953541666666666 0.008328124999999886 0.00987500000000002
0 0.9307968750000001 0.7064583333333334 0.008515625000000072 0.0069166666666667705
0 0.802421875 0.6830833333333334 0.009734375000000028 0.010062500000000085
0 0.8182812500000001 0.6771458333333332 0.00956249999999983 0.008062500000000009
0 0.862078125 0.7081458333333334 0.006875000000000142 0.011416666666666705
0 0.7428281250000001 0.6979583333333333 0.013093749999999993 0.013874999999999934
0 0.631625 0.8725416666666667 0.013015625000000064 0.008687499999999914
0 0.492484375 0.8280625 0.009062499999999928 0.013333333333333286
0 0.060671875 0.5952708333333334 0.006046875000000007 0.008979166666666554
0 0.28445312500000003 0.5725 0.007656249999999964 0.011249999999999953
0 0.38210937500000003 0.505625 0.00703125 0.008749999999999977
0 0.35875 0.5026041666666666 0.025624999999999964 0.02020833333333331
0 0.45390625 0.5245833333333334 0.01843749999999993 0.01083333333333331
0 0.511796875 0.541875 0.015468749999999965 0.010416666666666666
0 0.6017187500000001 0.5011458333333334 0.0068749999999999645 0.016875000000000046
0 0.659140625 0.5301041666666666 0.020468750000000036 0.018125000000000037
0 0.919609375 0.41958333333333336 0.005781250000000071 0.008749999999999977
0 0.97171875 0.5958333333333333 0.006562500000000071 0.008333333333333333
0 0.9217187499999999 0.5620833333333334 0.007499999999999929 0.0125
