0 0.15153125 0.6959375 0.035250000000000004 0.019770833333333352
0 0.562140625 0.7104166666666667 0.025999999999999978 0.009749999999999896
0 0.531625 0.6615416666666667 0.010531250000000015 0.00716666666666678
0 0.9477343749999999 0.76925 0.0066250000000000146 0.015625
0 0.9280312500000001 0.7087708333333332 0.008999999999999985 0.008374999999999962
0 0.93559375 0.6334583333333333 0.013593750000000071 0.007250000000000038
0 0.822203125 0.6152291666666667 0.009343750000000029 0.01472916666666677
0 0.771671875 0.6470625 0.0067968750000000355 0.009958333333333276
0 0.714515625 0.6143333333333333 0.007984375000000021 0.008374999999999962
0 0.6472187500000001 0.6577500000000001 0.014250000000000007 0.007145833333333229
0 0.590171875 0.5871458333333333 0.013062500000000022 0.013395833333333228
0 0.5481874999999999 0.60625 0.02965625000000003 0.00916666666666662
0 0.507140625 0.552625 0.02865625000000005 0.014083333333333314
0 0.31359375 0.4711458333333333 0.008437499999999964 0.007291666666666667
0 0.0546875 0.5017708333333333 0.00625 0.016875000000000046
0 0.11234375 0.5393749999999999 0.01937500000000001 0.012083333333333298
0 0.06875 0.7009375 0.013437499999999991 0.007291666666666667
0 0.1821875 0.7184375000000001 0.011562500000000009 0.011041666666666571
0 0.24367187499999998 0.7101041666666668 0.009843750000000017 0.010625000000000048
0 0.25875 0.706875 0.012187500000000018 0.007916666666666572
0 0.30070312499999996 0.7423958333333334 0.006406250000000035 0.011458333333333333
0 0.281015625 0.7208333333333333 0.015468749999999965 0.009583333333333381
0 0.2515625 0.7298958333333334 0.009375 0.029375000000000047
0 0.198828125 0.6957291666666666 0.02265625 0.023958333333333335
0 0.23609375 0.6751041666666667 0.013437500000000036 0.011458333333333333
0 0.205625 0.6790625 0.008437499999999964 0.008541666666666715
0 0.24515625000000002 0.68375 0.010312500000000035 0.008333333333333333
0 0.353828125 0.723125 0.006718750000000018 0.010833333333333427
0 0.392734375 0.7266666666666667 0.015468750000000009 0.007083333333333286
0 0.352109375 0.7702083333333333 0.00703125 0.007916666666666572
0 0.45773437499999997 0.7238541666666667 0.017031249999999963 0.013124999999999906
0 0.41460937500000006 0.6447916666666667 0.006406250000000035 0.008333333333333333
0 0.43460937499999996 0.6393749999999999 0.017031249999999963 0.01208333333333324
0 0.463359375 0.624375 0.006093749999999965 0.009583333333333381
0 0.48117187499999997 0.49645833333333333 0.007656249999999964 0.007083333333333286
0 0.68984375 0.534375 0.010312500000000035 0.007916666666666631
0 0.438640625 0.4999791666666667 0.006953125000000071 0.008395833333333276
