0 0.38842261904761904 0.93765625 0.0548511904761905 0.02675781250000009
0 0.11964285714285715 0.622578125 0.024017857142857122 0.019179687500000098
0 0.28500000000000003 0.7879296875 0.04976190476190476 0.015742187499999893
0 0.9757440476190476 0.7990625 0.048511904761904624 0.018515625000000036
0 0.19904761904761903 0.7691796875 0.09458333333333334 0.01992187500000009
0 0.20541666666666666 0.9727734375 0.024702380952380986 0.01480468750000008
0 0.07446428571428572 0.633671875 0.036011904761904766 0.015742187499999893
0 0.23047619047619047 0.62765625 0.03247023809523809 0.015742187499999893
0 0.5048511904761904 0.68 0.038482142857142874 0.013906250000000009
0 0.555327380952381 0.7742578125 0.014464285714285754 0.01621093749999991
0 0.7797916666666667 0.804375 0.046220238095238016 0.018984375000000053
0 0.7385119047619048 0.7869921875 0.051160714285714365 0.01945312500000007
0 0.5507440476190476 0.8162109375 0.020119047619047592 0.012031249999999938
0 0.6061607142857143 0.9734375 0.02366071428571425 0.014375000000000027
0 0.49886904761904766 0.988984375 0.03633928571428565 0.012968749999999973
0 0.31860119047619045 0.797265625 0.027083333333333317 0.018750000000000044
0 0.08422619047619048 0.986328125 0.0482142857142857 0.02734375
