0 0.159375 0.5541666666666667 0.01875 0.025
0 0.6978125000000001 0.50825 0.03531250000000004 0.02766666666666661
0 0.461 0.29425 0.019187499999999958 0.033749999999999974
0 0.44681249999999995 0.3710833333333333 0.021499999999999984 0.02766666666666661
0 0.3493125 0.2615 0.019937499999999986 0.03783333333333332
0 0.7535000000000001 0.5399166666666667 0.023812500000000014 0.021500000000000043
0 0.47943749999999996 0.4765 0.020749999999999956 0.02766666666666661
0 0.5239375 0.5819166666666666 0.02531250000000007 0.03175000000000002
0 0.604375 0.7064166666666666 0.035374999999999976 0.0635833333333333
0 0.441375 0.7458333333333333 0.06918749999999996 0.02566666666666677
