0 0.018984375 0.91225 0.022859374999999998 0.012187500000000047
0 0.080484375 0.9048333333333333 0.03496874999999999 0.010604166666666732
0 0.2341875 0.9187291666666667 0.01928124999999996 0.009270833333333428
0 0.37159375 0.9065416666666667 0.00795312499999996 0.01668749999999998
0 0.27125 0.9192708333333334 0.019078124999999967 0.006624999999999896
0 0.368125 0.8343541666666667 0.006953124999999982 0.009541666666666752
0 0.45932812500000003 0.9560833333333334 0.008937500000000043 0.009812500000000076
0 0.5126875 0.9145 0.018281250000000072 0.02252083333333322
0 0.50225 0.9054791666666666 0.010921875000000015 0.006624999999999896
0 0.46509375000000003 0.9062708333333334 0.008140625000000058 0.007145833333333229
0 0.52440625 0.9329166666666667 0.01431249999999995 0.00689583333333322
0 0.588890625 0.8788541666666667 0.012921874999999972 0.010062500000000085
0 0.6774218750000001 0.9560833333333334 0.009140625000000036 0.015625
0 0.691140625 0.9770208333333333 0.011531249999999993 0.019874999999999924
0 0.72421875 0.8532916666666667 0.008140625000000058 0.009270833333333428
0 0.6424531250000001 0.8421666666666667 0.047296874999999974 0.01139583333333339
0 0.6935156250000001 0.8466666666666666 0.047296874999999974 0.0076875000000001135
0 0.684078125 0.8267916666666667 0.033984375 0.02145833333333324
0 0.743 0.7903541666666667 0.025437499999999957 0.009000000000000103
0 0.76675 0.7902291666666666 0.015296874999999942 0.009270833333333428
0 0.74746875 0.7533958333333334 0.020859375000000034 0.009270833333333428
0 0.8275625 0.8215 0.03795312499999994 0.014041666666666685
0 0.9297968750000001 0.8346041666666667 0.02265625 0.015374999999999991
0 0.63490625 0.8140833333333333 0.03735937499999995 0.019333333333333275
0 0.5881093749999999 0.8049375 0.016093749999999928 0.009000000000000103
0 0.44353125000000004 0.7942083333333334 0.043312500000000045 0.009270833333333428
0 0.400609375 0.7576458333333334 0.02662499999999999 0.012979166666666705
0 0.018375 0.7756666666666666 0.010921874999999998 0.014562500000000018
0 0.014203125 0.7988333333333333 0.02046875 0.007958333333333437
0 0.426859375 0.8943125 0.007015625000000014 0.009354166666666686
