0 0.9789687499999999 0.9849791666666667 0.042062500000000114 0.022062500000000065
0 0.909265625 0.9873958333333334 0.0235468749999999 0.02520833333333338
0 0.905125 0.9330208333333334 0.012093750000000014 0.014000000000000058
0 0.849609375 0.7786041666666667 0.04104687499999997 0.02162499999999999
0 0.676375 0.9054375 0.04835937500000007 0.019083333333333268
0 0.030703124999999998 0.9707708333333334 0.021953124999999997 0.02756250000000004
0 0.113265625 0.7236666666666667 0.029265624999999997 0.014416666666666581
0 0.161296875 0.7601458333333333 0.048999999999999974 0.011875000000000096
0 0.5427500000000001 0.7864583333333334 0.039453125 0.016125000000000018
0 0.6425 0.7972708333333334 0.028953124999999958 0.015687499999999945
0 0.772296875 0.765875 0.029593750000000085 0.009749999999999896
0 0.9434531249999999 0.8199583333333333 0.03212499999999992 0.010187499999999971
0 0.908140625 0.8082916666666667 0.059499999999999886 0.015687499999999945
0 0.6797187499999999 0.6948333333333333 0.019406249999999937 0.011875000000000096
0 0.469421875 0.7567708333333333 0.05057812500000001 0.010187499999999971
0 0.46401562500000004 0.7187916666666666 0.02514062500000005 0.011458333333333333
0 0.38925 0.8095833333333334 0.10148437500000003 0.01654166666666678
0 0.4011875 0.7936666666666666 0.038171874999999966 0.01952083333333334
0 0.39370312499999993 0.9209166666666667 0.015593749999999984 0.01866666666666674
0 0.29167187499999997 0.8114583333333333 0.02112499999999997 0.009729166666666582
0 0.34925 0.7777708333333333 0.04325000000000001 0.02212500000000001
0 0.72759375 0.8069583333333333 0.04700000000000006 0.014624999999999963
0 0.67259375 0.7595416666666667 0.04606250000000003 0.01754166666666658
0 0.6396875 0.7447083333333333 0.04042187500000001 0.013791666666666676
0 0.614 0.7725000000000001 0.048562500000000064 0.010854166666666743
0 0.539421875 0.7562083333333334 0.03415625000000002 0.010854166666666743
0 0.483328125 0.7798125 0.06862499999999994 0.017125000000000057
0 0.271671875 0.7645625 0.025687499999999995 0.01002083333333322
