0 0.10083333333333334 0.4812109375 0.01880952380952382 0.013710937499999964
0 0.14148809523809525 0.38578125 0.011607142857142875 0.015234375000000022
0 0.08696428571428572 0.66078125 0.009880952380952383 0.011835937499999893
0 0.6121130952380952 0.7357421875 0.01160714285714279 0.014101562500000053
0 0.6520238095238096 0.688671875 0.023630952380952374 0.02253906249999993
0 0.8719047619047618 0.652890625 0.00952380952380966 0.01156249999999992
0 0.7474999999999999 0.39765625 0.027529761904761904 0.03011718750000003
0 0.9098511904761905 0.3972265625 0.038809523809523704 0.023632812500000044
0 0.7077976190476191 0.40484375 0.019404761904761852 0.015742187500000004
0 0.8555059523809524 0.23390625 0.01976190476190472 0.012031249999999993
