0 0.62646875 0.8032291666666667 0.04921875 0.013583333333333296
0 0.63184375 0.8149166666666667 0.026015624999999966 0.009812500000000076
0 0.5735781249999999 0.7736249999999999 0.04185937499999994 0.012437500000000056
0 0.6698125 0.8518541666666667 0.00828124999999993 0.010499999999999924
0 0.38353125 0.8375416666666666 0.008171875000000028 0.00827083333333339
0 0.37312500000000004 0.7785624999999999 0.01015625 0.009250000000000114
0 0.281796875 0.6589375000000001 0.011406250000000017 0.013874999999999934
0 0.3854375 0.7106875 0.014796875000000043 0.007437500000000105
0 0.3601875 0.6700625 0.007828124999999986 0.007437500000000105
0 0.010781250000000001 0.6690625 0.021546875 0.007770833333333371
0 0.015375 0.5607083333333333 0.030734375 0.01154166666666659
