0 0.44125 0.425078125 0.025343750000000043 0.01781250000000001
0 0.8014374999999999 0.5658203125 0.028500000000000015 0.023749999999999938
0 0.6819375 0.5948828125 0.10703125 0.021445312500000036
0 0.5777187500000001 0.595546875 0.026093750000000072 0.02750000000000008
0 0.7509375 0.4126953125 0.0125 0.015234375000000022
0 0.8840937500000001 0.5968359375 0.02515624999999986 0.023945312499999982
0 0.9412499999999999 0.6892578125 0.01875 0.01601562500000009
0 0.9935937499999999 0.618359375 0.01281250000000007 0.01953125
0 0.76396875 0.658046875 0.013562499999999922 0.017382812499999956
0 0.6863125 0.6677734375 0.03524999999999991 0.014843750000000044
0 0.6535624999999999 0.8686328125 0.017562500000000016 0.019023437500000018
0 0.7225937499999999 0.980546875 0.021468750000000016 0.0126953125
0 0.26349999999999996 0.35375 0.026250000000000016 0.015078125000000053
0 0.29140625 0.353125 0.013437500000000036 0.012499999999999956
0 0.4421875 0.3724609375 0.02937499999999993 0.013671875
0 0.533 0.4296875 0.05381250000000008 0.01773437499999997
0 0.69046875 0.546484375 0.01218749999999993 0.013281249999999911
