0 0.21403124999999998 0.822421875 0.03125 0.03156249999999994
0 0.10943750000000001 0.7868359375 0.01684375 0.024531249999999893
0 0.19459375 0.62375 0.020437500000000018 0.027070312500000027
0 0.1535 0.6498046875 0.049687500000000016 0.05910156249999998
0 0.65371875 0.81265625 0.011218749999999921 0.018046875000000018
0 0.78359375 0.9331640625 0.015218750000000014 0.017539062500000036
0 0.55934375 0.7490234375 0.019624999999999913 0.021054687499999947
0 0.74109375 0.6412890625 0.037687500000000006 0.04808593750000001
0 0.60003125 0.6618359375 0.04890624999999993 0.04109374999999993
0 0.7212500000000001 0.4894921875 0.03165624999999998 0.040078124999999964
0 0.921875 0.9921875 0.15625 0.015625
0 0.89490625 0.8763671875 0.027406249999999945 0.033007812499999956
0 0.9722500000000001 0.8046484375 0.015562500000000057 0.019882812499999902
