0 0.44104166666666667 0.8326953125 0.06529761904761903 0.05144531250000006
0 0.8760714285714286 0.816875 0.015059523809523648 0.01847656250000007
0 0.9039285714285715 0.7262109375 0.011547619047619034 0.015156249999999982
0 0.9113690476190477 0.9223046875 0.017619047619047496 0.021679687500000044
0 0.9910119047619048 0.989765625 0.014672619047618898 0.01781250000000001
0 0.9658928571428572 0.9341015625 0.031190476190476244 0.03371093749999998
0 0.9361607142857143 0.9076171875 0.018720238095237988 0.03277343749999995
0 0.8574107142857142 0.74671875 0.038898809523809676 0.04816406249999994
0 0.8692261904761904 0.987265625 0.013452380952380898 0.013945312499999973
0 0.702202380952381 0.9880859375 0.013125000000000074 0.014765624999999893
0 0.8082738095238095 0.947265625 0.01220238095238102 0.013554687500000107
0 0.9953869047619047 0.6609375 0.009226190476190544 0.010156250000000089
