0 0.678015625 0.6949791666666666 0.011296875000000029 0.015625
0 0.821671875 0.8444791666666667 0.028828125000000072 0.012874999999999895
0 0.8196406250000001 0.8709375 0.010187499999999971 0.010187499999999971
0 0.846078125 0.8758333333333332 0.014984374999999873 0.009437499999999942
0 0.987640625 0.8699791666666666 0.009046874999999944 0.009812500000000076
0 0.9283906249999999 0.5733958333333333 0.022906250000000128 0.013958333333333428
0 0.400203125 0.5006041666666666 0.026015624999999966 0.012437500000000056
0 0.013718749999999998 0.5456666666666667 0.019515624999999998 0.009041666666666733
0 0.082296875 0.6488125 0.023750000000000004 0.0086666666666666
0 0.254546875 0.662 0.05826562500000003 0.010187499999999971
0 0.43767187500000004 0.5385000000000001 0.015562500000000057 0.006791666666666648
0 0.46028125 0.6978125 0.010609374999999944 0.00962500000000001
0 0.511390625 0.6564374999999999 0.022562500000000086 0.02077083333333339
0 0.37 0.5785 0.007453124999999972 0.009937499999999962
0 0.64240625 0.5837708333333332 0.04762500000000003 0.013833333333333305
0 0.68653125 0.5672083333333333 0.031593750000000045 0.022270833333333448
0 0.699734375 0.5887291666666666 0.05890625000000007 0.015354166666666676
0 0.746671875 0.4946875 0.02053124999999998 0.011437500000000019
0 0.821828125 0.56225 0.0209843750000001 0.009937499999999962
0 0.742515625 0.5320833333333334 0.025718750000000058 0.00756250000000005
0 0.767015625 0.5313958333333333 0.01721874999999997 0.008374999999999962
0 0.69034375 0.7165416666666666 0.012562499999999944 0.019437500000000087
0 0.65753125 0.7413958333333334 0.006890624999999951 0.008104166666666638
0 0.68853125 0.7526041666666666 0.006890624999999951 0.019166666666666762
0 0.912359375 0.863125 0.005890624999999971 0.008541666666666715
0 0.9449062500000001 0.9116041666666667 0.010390625000000143 0.008541666666666715
0 0.8807031249999999 0.8335208333333333 0.005953124999999915 0.007937499999999886
0 0.9417031250000001 0.8262291666666666 0.020749999999999956 0.006145833333333428
0 0.462890625 0.8709583333333334 0.019296875000000036 0.008083333333333324
0 0.5878125 0.8616458333333333 0.06853125000000002 0.011520833333333277
0 0.527546875 0.8639791666666666 0.018921875000000022 0.006374999999999886
0 0.830859375 0.8885833333333333 0.007796875000000014 0.007437500000000105
0 0.841734375 0.8873333333333334 0.005765625000000085 0.004958333333333324
0 0.7994687500000001 0.8053541666666667 0.017468749999999922 0.007937499999999886
0 0.587375 0.6215416666666667 0.013187500000000085 0.009916666666666648
0 0.457984375 0.5379375 0.013749999999999929 0.007187500000000095
0 0.40446875000000004 0.5370625 0.005953124999999915 0.00841666666666665
