0 0.515625 0.5041666666666667 0.01875 0.025
0 0.342875 0.32083333333333336 0.021437500000000043 0.03349999999999997
0 0.256125 0.3174166666666667 0.020687500000000015 0.024583333333333356
0 0.670625 0.6033333333333334 0.033187500000000016 0.02358333333333344
0 0.43143750000000003 0.439 0.019937499999999986 0.02166666666666662
0 0.4539375 0.54625 0.017687500000000078 0.025583333333333277
0 0.49087500000000006 0.653 0.02212499999999995 0.026583333333333313
0 0.7285625 0.63825 0.023625000000000007 0.026583333333333313
0 0.5650625 0.7903333333333333 0.03468750000000007 0.06891666666666675
0 0.303375 0.69975 0.016249999999999966 0.027583333333333352
