0 0.3625 0.7513671875 0.020119047619047592 0.020039062499999982
0 0.03395833333333333 0.79984375 0.06791666666666667 0.023984374999999947
0 0.025952380952380956 0.921875 0.01351190476190476 0.013906250000000009
0 0.1662202380952381 0.701640625 0.03741071428571431 0.009492187500000027
0 0.7155654761904762 0.80328125 0.020208333333333394 0.03304687499999992
0 0.14511904761904762 0.4234375 0.16976190476190478 0.037148437499999964
0 0.35077380952380954 0.5896484375 0.014791666666666663 0.01171875
0 0.1836309523809524 0.7947265625 0.013095238095238113 0.005859375
0 0.06994047619047619 0.692578125 0.02976190476190476 0.008593749999999956
0 0.5118452380952381 0.582421875 0.026517857142857218 0.010468750000000027
