0 0.8497023809523809 0.9868359375 0.01416666666666664 0.026328125000000036
0 0.8352083333333333 0.91546875 0.03770833333333321 0.04355468749999991
0 0.8857440476190477 0.908125 0.026547619047618924 0.06453124999999993
0 0.3834821428571428 0.706328125 0.04142857142857143 0.03988281249999992
0 0.9841666666666666 0.840234375 0.029672619047619128 0.024296875000000107
0 0.9286607142857142 0.90171875 0.017351190476190596 0.03492187499999999
0 0.7775892857142856 0.9591015625 0.015803571428571268 0.02328124999999992
0 0.3142857142857143 0.7221875 0.04071428571428574 0.02906249999999999
0 0.15979166666666667 0.6382421875 0.018601190476190476 0.02613281249999999
0 0.4296130952380952 0.9455859375 0.042946428571428594 0.0726171874999999
0 0.38047619047619047 0.953984375 0.05089285714285717 0.04183593749999992
0 0.3375297619047619 0.9307421875 0.019910714285714278 0.026718749999999902
0 0.4247321428571429 0.875546875 0.034970238095238096 0.05343750000000003
