0 0.10172619047619047 0.6540234375 0.09291666666666666 0.03824218750000008
0 0.20645833333333335 0.66953125 0.0823809523809524 0.04285156250000011
0 0.1863690476190476 0.5891015625 0.028125000000000008 0.06527343749999992
0 0.1677678571428571 0.98203125 0.051249999999999976 0.028359374999999964
0 0.25166666666666665 0.9800390625 0.04321428571428575 0.028359374999999964
0 0.339077380952381 0.9885546875 0.04520833333333333 0.022890625000000053
0 0.6389583333333333 0.637890625 0.06630952380952373 0.03363281250000005
0 0.6808928571428572 0.810625 0.03467261904761898 0.021757812499999973
0 0.8991666666666667 0.7361328125 0.03214285714285701 0.02042968750000007
0 0.9024404761904763 0.82578125 0.05172619047619046 0.03363281250000005
0 0.9283035714285715 0.9556640625 0.028125000000000136 0.034960937499999956
