0 0.5311607142857143 0.5653515625 0.03750000000000007 0.013085937500000089
0 0.9935714285714285 0.9759375 0.01282738095238079 0.01992187500000009
0 0.7504166666666666 0.9456640625 0.012113095238095218 0.013476562499999956
0 0.7616071428571429 0.98203125 0.03744047619047614 0.015898437499999973
0 0.8999999999999999 0.97046875 0.022767857142857076 0.012031249999999938
0 0.6111309523809524 0.931953125 0.030833333333333372 0.016874999999999973
0 0.9499107142857144 0.5821875 0.027172619047619036 0.033242187499999964
0 0.6491071428571429 0.466796875 0.0532142857142857 0.019257812500000027
0 0.3354761904761905 0.640234375 0.09836309523809528 0.01832031249999999
0 0.03872023809523809 0.6060546875 0.07744047619047618 0.023125000000000062
0 0.09580357142857142 0.7977734375 0.019077380952380943 0.01156249999999992
0 0.6108630952380952 0.570546875 0.017857142857142856 0.010468750000000027
0 0.6085714285714285 0.8115625 0.01854166666666672 0.020937500000000053
0 0.8813690476190476 0.7159375 0.01928571428571434 0.025820312500000053
