0 0.9213749999999999 0.25797916666666665 0.04400000000000013 0.050624999999999996
0 0.763109375 0.34329166666666666 0.05782812499999999 0.040895833333333326
0 0.813515625 0.30087499999999995 0.07215625 0.07072916666666665
0 0.8655625 0.286125 0.022875000000000156 0.022458333333333278
0 0.663640625 0.6496875000000001 0.018687500000000058 0.011041666666666571
0 0.6522812499999999 0.6137291666666667 0.007859374999999957 0.009916666666666648
0 0.9602656250000001 0.8328749999999999 0.015249999999999986 0.014687499999999905
0 0.924609375 0.8374166666666666 0.009609375000000142 0.011875000000000096
0 0.8384218750000001 0.7157708333333334 0.01171875 0.015000000000000095
0 0.10221875 0.4737708333333333 0.070828125 0.06847916666666667
0 0.2710625 0.5217916666666667 0.03370312499999999 0.013645833333333357
0 0.30846874999999996 0.46935416666666663 0.020671875000000027 0.02595833333333329
0 0.40979687499999995 0.44608333333333333 0.015453124999999979 0.01739583333333338
0 0.49226562500000004 0.4013958333333333 0.009031249999999958 0.010437499999999982
0 0.49887499999999996 0.4629375 0.011437500000000078 0.013645833333333357
0 0.4930625 0.36943750000000003 0.012234375000000065 0.012833333333333386
0 0.424046875 0.43885416666666666 0.0066250000000000146 0.008833333333333353
0 0.419734375 0.46145833333333336 0.006828125000000007 0.008020833333333382
0 0.334859375 0.49183333333333334 0.028890625000000014 0.008291666666666704
0 0.9393125 0.47743749999999996 0.012656249999999859 0.013312499999999972
0 0.87771875 0.45820833333333333 0.011984375000000113 0.028708333333333277
0 0.94140625 0.36204166666666665 0.02575000000000003 0.014499999999999957
0 0.95671875 0.2544791666666667 0.011984375000000113 0.015395833333333305
0 0.8592968750000001 0.3212083333333334 0.01996874999999996 0.022187499999999954
0 0.894359375 0.3022708333333333 0.036843749999999884 0.052958333333333364
0 0.415828125 0.5213125 0.01345312500000002 0.011499999999999962
0 0.21335937500000002 0.5390625 0.005781249999999983 0.009791666666666761
