0 0.751 0.51203125 0.06446874999999999 0.018281250000000027
0 0.8181875 0.5192578125 0.024593750000000015 0.01644531249999992
0 0.9133437499999999 0.6941796875 0.01875 0.015898437499999973
0 0.34378125000000004 0.4962109375 0.025437500000000047 0.027929687499999967
0 0.60565625 0.642421875 0.015031250000000006 0.01781250000000001
0 0.734 0.58796875 0.016562500000000036 0.02359375000000008
0 0.68965625 0.5234375 0.013499999999999979 0.016874999999999973
0 0.50428125 0.472109375 0.03662500000000009 0.026992187499999987
0 0.5415 0.445625 0.013093749999999993 0.014453124999999956
0 0.6185625 0.417421875 0.020031250000000077 0.011093750000000013
0 0.99040625 0.5516015625 0.019156249999999986 0.01734374999999999
0 0.891875 0.4333984375 0.04375 0.017578125
0 0.9364062499999999 0.4388671875 0.0171875 0.019140625000000022
0 0.8826562499999999 0.3791015625 0.022187500000000072 0.014453124999999956
0 0.99546875 0.4732421875 0.009062499999999928 0.019140625000000022
0 0.6759375000000001 0.4490234375 0.02062500000000007 0.013671875
0 0.26 0.55703125 0.011875000000000035 0.015625
0 0.77696875 0.6297265625 0.019656250000000063 0.015585937500000036
0 0.58915625 0.8449609375 0.011125000000000006 0.015039062500000089
0 0.5949375 0.750625 0.012906249999999985 0.013359375000000062
