0 0.1543452380952381 0.546015625 0.010119047619047635 0.01601562500000009
0 0.2727380952380952 0.61640625 0.011101190476190445 0.014570312500000071
0 0.4510416666666667 0.6998046875 0.01160714285714279 0.011328124999999911
0 0.3150297619047619 0.70703125 0.011607142857142875 0.014062500000000089
0 0.0675595238095238 0.53671875 0.010714285714285718 0.013281249999999911
0 0.09717261904761905 0.5732421875 0.012202380952380945 0.015234374999999911
0 0.872470238095238 0.7495703125 0.012738095238095156 0.017148437499999947
0 0.3263392857142857 0.765546875 0.010565476190476224 0.028203125000000107
0 0.41 0.7165234375 0.012380952380952456 0.016250000000000098
0 0.49160714285714285 0.777734375 0.024047619047619002 0.037304687500000044
