0 0.196875 0.154875 0.035703125000000016 0.024812499999999994
0 0.069640625 0.15002083333333335 0.11164062500000001 0.05129166666666667
0 0.8440625 0.9361875000000001 0.035015625000000127 0.032770833333333374
0 0.821140625 0.7536666666666666 0.03762499999999989 0.03229166666666667
0 0.8036406250000001 0.7035 0.01750000000000007 0.015395833333333305
0 0.00959375 0.1608125 0.0191875 0.013395833333333348
0 0.11795312499999999 0.18775 0.019874999999999997 0.015437499999999993
0 0.588078125 0.7322500000000001 0.016328125000000072 0.030083333333333448
0 0.51321875 0.7908541666666667 0.029953124999999935 0.019708333333333408
0 0.9260781250000001 0.9441041666666667 0.03423437500000013 0.019187500000000076
0 0.8408906249999999 0.854125 0.016328125000000072 0.020750000000000077
0 0.7576562499999999 0.8586666666666667 0.012140624999999971 0.020041666666666676
0 0.602921875 0.8056041666666667 0.028125 0.023020833333333237
0 0.83821875 0.5884375 0.017906250000000058 0.0140625
0 0.53515625 0.7197083333333333 0.01470312499999995 0.0149166666666666
0 0.51884375 0.7380416666666666 0.02301562500000003 0.012354166666666562
0 0.6339375 0.7423125 0.012140624999999971 0.01833333333333324
