0 0.94221875 0.9277734375 0.05090624999999989 0.018750000000000044
0 0.9077500000000001 0.815625 0.029906250000000155 0.01929687499999999
0 0.65003125 0.795703125 0.035781249999999966 0.022031249999999947
0 0.7187187500000001 0.7273046875 0.020749999999999956 0.011484374999999991
0 0.6335 0.9282421875 0.01537500000000005 0.019335937499999956
0 0.8393124999999999 0.806328125 0.02575000000000003 0.017460937500000107
0 0.34784375 0.7137109375 0.028500000000000015 0.012812499999999893
0 0.98740625 0.8295703125 0.025187499999999828 0.01652343750000007
0 0.7985 0.7984765625 0.037406249999999995 0.015898437499999973
0 0.5995625 0.806953125 0.05 0.012929687500000009
0 0.24734375000000003 0.956796875 0.013999999999999967 0.01832031249999999
0 0.5055625 0.9013671875 0.02937499999999993 0.02847656250000008
0 0.6545625 0.8161328125 0.04184374999999996 0.010664062500000071
0 0.30915625 0.859921875 0.012531249999999971 0.014140625000000018
0 0.09293749999999999 0.9802734375 0.009718749999999998 0.013437499999999991
0 0.10659375 0.9836328125 0.010093750000000012 0.014414062499999991
0 0.009375 0.845703125 0.01875 0.01171875
0 0.677625 0.9717578125 0.02315625000000008 0.03210937500000011
0 0.5981875 0.7836328125 0.04615624999999994 0.021289062499999956
0 0.1815 0.867734375 0.0655625 0.017109374999999982
0 0.5410625 0.84421875 0.014687499999999964 0.011953125000000009
0 0.64540625 0.9833984375 0.012031250000000071 0.020195312500000062
0 0.9008437499999999 0.7606640625 0.04240625000000016 0.020195312500000062
0 0.72596875 0.76640625 0.05159374999999997 0.015039062500000089
0 0.11496875 0.8634765625 0.03293750000000001 0.012148437500000053
0 0.14165624999999998 0.8649609375 0.010749999999999992 0.013437499999999991
0 0.0036562499999999998 0.9679296875 0.00728125 0.016484375000000107
0 0.39453125 0.7525390625 0.04718750000000003 0.011328124999999911
0 0.6890625 0.826171875 0.011875000000000035 0.015625
0 0.6953125 0.9810546875 0.011875000000000035 0.014453124999999956
0 0.7147187500000001 0.5420703125 0.030124999999999957 0.016914062499999938
0 0.860625 0.76953125 0.013125000000000142 0.012499999999999956
0 0.76734375 0.9001953125 0.0140625 0.008984375000000044
