0 0.8661607142857142 0.848203125 0.031577380952380996 0.014023437499999902
0 0.9723214285714286 0.9227734375 0.018690476190476108 0.025742187499999902
0 0.9926488095238094 0.9237890625 0.014702380952381114 0.02058593749999993
0 0.7323511904761905 0.969296875 0.029255952380952334 0.01742187499999992
0 0.6358035714285715 0.9293359375 0.02443452380952375 0.021367187500000107
0 0.3799702380952381 0.929140625 0.02202380952380954 0.022578124999999893
0 0.4365476190476191 0.84734375 0.06455357142857142 0.06730468750000007
0 0.3675892857142858 0.857265625 0.04375000000000001 0.0475000000000001
0 0.02699404761904762 0.732421875 0.05398809523809524 0.017578125
0 0.3505059523809524 0.649375 0.02526785714285717 0.013046874999999902
0 0.5269345238095239 0.7692578125 0.0527678571428572 0.027460937499999893
0 0.5174107142857143 0.983203125 0.04077380952380949 0.018750000000000044
0 0.6914583333333334 0.462578125 0.10583333333333333 0.03457031249999998
0 0.47675595238095236 0.577265625 0.02443452380952375 0.021132812500000098
0 0.5314880952380953 0.59765625 0.017232142857142918 0.021132812500000098
0 0.02 0.5349609375 0.03 0.04011718749999993
0 0.17232142857142857 0.415078125 0.014791666666666663 0.022656250000000044
0 0.1319047619047619 0.095546875 0.034285714285714274 0.024257812500000003
0 0.09976190476190477 0.22695312500000003 0.07318452380952382 0.05359375000000002
0 0.15964285714285714 0.0543359375 0.03273809523809524 0.022734375
0 0.21297619047619049 0.077578125 0.024642857142857147 0.018710937499999997
