0 0.1371875 0.6086328125 0.04631250000000002 0.01914062499999991
0 0.33515625 0.9587890625 0.019687500000000035 0.01914062499999991
0 0.43640625 0.9681640625 0.03343749999999997 0.022265624999999956
0 0.22937500000000002 0.9515625 0.026874999999999982 0.02109374999999991
0 0.5001562500000001 0.8685546875 0.10343750000000007 0.017578125
0 0.57125 0.89453125 0.015625 0.01718749999999991
0 0.63625 0.9330078125 0.015625 0.016796875000000044
0 0.63828125 0.987890625 0.017812499999999964 0.016406249999999956
0 0.66359375 0.8857421875 0.06468749999999997 0.013671875
0 0.7309375 0.991796875 0.016249999999999966 0.016406249999999956
0 0.8301562499999999 0.7271484375 0.02906249999999986 0.015234374999999911
0 0.8778124999999999 0.765625 0.065625 0.013281249999999911
0 0.84734375 0.7474609375 0.0578125 0.016796875000000044
0 0.9568749999999999 0.8859375 0.014999999999999857 0.015625
0 0.8926562499999999 0.9294921875 0.019687499999999858 0.01601562500000009
0 0.7982812499999999 0.87578125 0.015312499999999929 0.014843750000000044
0 0.43109374999999994 0.7587890625 0.06031250000000003 0.021484375
0 0.6128125 0.7759765625 0.034375 0.01914062499999991
0 0.57109375 0.76484375 0.047812500000000036 0.030468750000000044
0 0.76671875 0.7486328125 0.03656249999999996 0.03164062500000009
0 0.7301562500000001 0.71015625 0.034062499999999926 0.02890624999999991
