0 0.52128125 0.8328958333333334 0.05185937500000008 0.023333333333333428
0 0.5686875 0.8768125 0.018765624999999987 0.012729166666666696
0 0.8088906250000001 0.9249583333333333 0.026406250000000055 0.01654166666666678
0 0.022421875 0.9627083333333334 0.0283125 0.01739583333333338
0 0.254234375 0.9734791666666667 0.019015625000000026 0.0147708333333334
0 0.278578125 0.967625 0.015468749999999965 0.010875000000000056
0 0.29990625 0.9582916666666667 0.014218750000000035 0.008354166666666647
0 0.4251875 0.9875 0.04828124999999996 0.025
0 0.45925000000000005 0.8468333333333333 0.028218749999999914 0.01114583333333338
0 0.835921875 0.9305625000000001 0.0092656250000001 0.008000000000000066
