0 0.3710416666666667 0.66609375 0.051190476190476196 0.013749999999999929
0 0.3591369047619048 0.6906640625 0.05321428571428574 0.012187500000000018
0 0.10660714285714286 0.61765625 0.060863095238095244 0.012187500000000018
0 0.7854166666666667 0.561875 0.05258928571428568 0.01945312500000007
0 0.35714285714285715 0.984375 0.14285714285714285 0.03125
0 0.09633928571428571 0.91234375 0.08377976190476188 0.025820312500000053
0 0.07142857142857142 0.9544140625 0.14282738095238098 0.03296874999999999
0 0.14074404761904763 0.8043359375 0.07625000000000001 0.026406249999999964
0 0.041666666666666664 0.759765625 0.08333333333333333 0.02734375
0 0.2422619047619048 0.7905078125 0.05342261904761901 0.021289062499999956
0 0.8851785714285715 0.6111328125 0.12735119047619037 0.03199218749999999
0 0.1589583333333333 0.8426953125 0.05449404761904762 0.01734374999999999
0 0.06928571428571428 0.823046875 0.04967261904761904 0.02464843750000001
