0 0.12251562499999999 0.6265000000000001 0.015593749999999984 0.014687499999999905
0 0.8284375 0.5418958333333334 0.013968750000000085 0.021208333333333287
0 0.6716562500000001 0.35862499999999997 0.007406250000000014 0.007958333333333319
0 0.794171875 0.41304166666666664 0.019656249999999976 0.020645833333333384
0 0.7993124999999999 0.38266666666666665 0.012874999999999925 0.032250000000000036
0 0.85271875 0.32860416666666664 0.016000000000000014 0.013229166666666714
0 0.9027499999999999 0.39889583333333334 0.0071406249999999005 0.009979166666666709
0 0.7946093750000001 0.29416666666666663 0.008343750000000049 0.014374999999999952
0 0.747453125 0.233375 0.005921874999999943 0.007895833333333317
0 0.5640625 0.3584375 0.0046875 0.00604166666666662
