0 0.9236309523809523 0.74625 0.041279761904761916 0.03207031249999992
0 0.0862797619047619 0.9821875 0.019821428571428584 0.021132812500000098
0 0.31916666666666665 0.9830859375 0.013214285714285708 0.03378906249999991
0 0.6252083333333334 0.91359375 0.017916666666666612 0.028867187499999947
0 0.4899107142857143 0.610546875 0.25235119047619053 0.09835937500000003
0 0.6589880952380952 0.898984375 0.038184523809523765 0.03652343750000009
0 0.29026785714285713 0.9884765625 0.013988095238095204 0.02304687499999991
0 0.29874999999999996 0.8969921875 0.020863095238095212 0.017578125
0 0.09154761904761906 0.821171875 0.01461309523809525 0.03109374999999992
0 0.033541666666666664 0.81390625 0.06708333333333333 0.03374999999999995
