0 0.213203125 0.5678125 0.041875000000000016 0.023499999999999945
0 0.83240625 0.8440833333333334 0.013546875000000114 0.0211666666666666
0 0.8631718749999999 0.6980208333333333 0.029421874999999886 0.013937500000000113
0 0.97503125 0.8582708333333334 0.016250000000000143 0.022708333333333285
0 0.904875 0.7361249999999999 0.039796875000000044 0.012166666666666734
0 0.6650625 0.7387291666666667 0.013078125000000006 0.014895833333333285
0 0.483203125 0.7048125 0.008328125000000065 0.013624999999999924
0 0.44128125 0.6497708333333333 0.008937500000000043 0.009854166666666704
0 0.46323437500000003 0.6118125 0.007390625000000028 0.011666666666666714
0 0.8893437499999999 0.83125 0.008343749999999872 0.01708333333333343
0 0.965453125 0.8489791666666666 0.008734374999999872 0.009583333333333381
0 0.93390625 0.7383124999999999 0.007375000000000043 0.013458333333333409
0 0.883328125 0.7188958333333333 0.043296875000000054 0.013458333333333409
