0 0.4139880952380952 0.8781640625 0.05741071428571435 0.07535156250000008
0 0.3277083333333333 0.8437890625 0.02666666666666669 0.02222656249999999
0 0.23422619047619048 0.8571484375 0.04863095238095239 0.018515625000000036
0 0.32065476190476194 0.935390625 0.13616071428571433 0.12808593750000008
0 0.14875 0.5331640625 0.0974107142857143 0.030820312499999947
0 0.25639880952380956 0.5403125 0.08916666666666669 0.037109375
0 0.6751190476190476 0.487578125 0.04309523809523815 0.022812500000000013
0 0.7451785714285715 0.6560546875 0.02172619047619051 0.015664062499999964
0 0.8930357142857143 0.8737109375 0.21389880952380955 0.10691406250000002
0 0.06845238095238096 0.9367578125 0.021130952380952386 0.023320312500000107
0 0.03568452380952381 0.9367578125 0.03276785714285715 0.02171875000000001
