0 0.473452380952381 0.570625 0.2667261904761905 0.09031250000000002
0 0.4211904761904762 0.4674609375 0.15622023809523813 0.05406250000000001
0 0.29285714285714287 0.48328125 0.023095238095238068 0.02375000000000005
0 0.030148809523809533 0.7446875 0.060267857142857144 0.02968750000000009
0 0.07282738095238095 0.917734375 0.02309523809523809 0.027695312499999902
0 0.30717261904761906 0.9316015625 0.014553571428571388 0.03957031249999998
0 0.2850595238095238 0.8419140625 0.03264880952380952 0.023749999999999938
0 0.2752678571428571 0.929296875 0.02913690476190474 0.05078125
0 0.6339285714285714 0.8709375 0.0773511904761905 0.09492187500000004
0 0.6042857142857143 0.866015625 0.030148809523809512 0.027031250000000062
0 0.6467559523809524 0.90984375 0.029642857142857082 0.03558593750000005
0 0.7027678571428572 0.9888671875 0.08538690476190476 0.022265624999999956
0 0.9107142857142857 0.710390625 0.058273809523809644 0.04285156250000011
0 0.9499107142857144 0.8429296875 0.01708333333333336 0.016484375000000107
0 0.9252380952380952 0.9073046875 0.029702380952381008 0.01585937500000001
0 0.41482142857142856 0.655390625 0.0325595238095238 0.018515625000000036
