0 0.4226875 0.8822708333333333 0.012390624999999923 0.011875000000000096
0 0.549640625 0.7225416666666666 0.03484374999999993 0.02166666666666662
0 0.4488125 0.9132291666666668 0.012765624999999937 0.009812500000000076
0 0.9605625 0.7026666666666667 0.01782812500000013 0.0069583333333334
0 0.9458125000000001 0.5989791666666666 0.03196875000000006 0.014354166666666638
0 0.765546875 0.7583958333333333 0.015499999999999936 0.008687499999999914
0 0.7925 0.73175 0.01459375000000005 0.007479166666666733
0 0.828109375 0.6419166666666667 0.01976562500000014 0.012874999999999895
0 0.8998593749999999 0.5483333333333333 0.028968749999999942 0.009583333333333381
0 0.857359375 0.72425 0.017781250000000172 0.009354166666666686
0 0.20070312499999998 0.5291875 0.022515625000000018 0.013520833333333352
0 0.157484375 0.5967291666666666 0.01885937499999999 0.010499999999999924
0 0.35681250000000003 0.5778333333333333 0.016000000000000014 0.008437499999999905
0 0.287453125 0.532 0.04289062499999998 0.01945833333333334
0 0.21607812499999998 0.5099791666666667 0.028125 0.018520833333333306
0 0.250265625 0.5255625 0.026203124999999973 0.00891666666666661
0 0.27646875 0.5709166666666667 0.019515625000000016 0.016645833333333353
0 0.415640625 0.5783124999999999 0.028609374999999916 0.012062499999999924
0 0.48459375 0.5122291666666666 0.013656250000000014 0.006395833333333319
0 0.59203125 0.4901666666666667 0.02400000000000002 0.006458333333333381
