0 0.2781547619047619 0.7587109375 0.10074404761904761 0.02402343749999991
0 0.37964285714285717 0.8174609375 0.029940476190476198 0.017109374999999982
0 0.5030654761904761 0.8494921875 0.028511904761904714 0.016484375000000107
0 0.13886904761904761 0.7730859375 0.027529761904761904 0.028515625000000044
0 0.059166666666666666 0.945859375 0.05845238095238096 0.022812499999999902
0 0.22604166666666667 0.9894140625 0.1333035714285714 0.021171875000000062
0 0.3438988095238095 0.9781640625 0.034761904761904786 0.02156249999999993
0 0.4962797619047619 0.9772265625 0.0197916666666666 0.024726562499999938
0 0.7708333333333334 0.994140625 0.023809523809523808 0.01171875
0 0.6776488095238096 0.8872265625 0.026071428571428544 0.013320312500000098
0 0.536875 0.8203125 0.020773809523809576 0.011406250000000062
0 0.4436309523809524 0.9734375 0.07872023809523807 0.03488281250000003
0 0.3750595238095238 0.859296875 0.03526785714285713 0.020937500000000053
