0 0.15659375 0.1971875 0.057624999999999996 0.05347656249999999
0 0.30065624999999996 0.14046875 0.03650000000000002 0.031367187500000004
0 0.8269062500000001 0.5383984375 0.016531249999999886 0.02425781249999992
0 0.8753437500000001 0.8028125 0.02300000000000004 0.03890624999999992
0 0.90103125 0.6269921875 0.016687500000000098 0.025351562500000036
0 0.859125 0.59515625 0.02659374999999997 0.03042968750000008
0 0.8437812499999999 0.80421875 0.02300000000000004 0.02253906249999993
0 0.79103125 0.819453125 0.03200000000000003 0.03605468750000007
0 0.7609375 0.559765625 0.02624999999999993 0.0390625
0 0.9216875 0.7366015625 0.025218750000000158 0.05984374999999997
0 0.9474375 0.62546875 0.020218750000000084 0.029609374999999938
0 0.9441875 0.7877734375 0.03184375000000017 0.03933593749999997
0 0.7884375 0.61421875 0.03184375000000008 0.027812500000000018
0 0.7575624999999999 0.6302734375 0.02915624999999995 0.03308593750000011
