0 0.74090625 0.41025390625 0.005765625000000085 0.0068749999999999645
0 0.7366406249999999 0.26662109375 0.008265624999999943 0.015644531249999982
0 0.545375 0.3069921875 0.0077656250000000425 0.013144531250000036
0 0.527453125 0.33458984375 0.006281249999999972 0.009511718750000009
0 0.507953125 0.3580078125 0.004953124999999936 0.008320312499999982
0 0.491296875 0.4463671875 0.01235937499999995 0.007128906249999956
0 0.144015625 0.390703125 0.0072343749999999925 0.010468750000000027
0 0.22981250000000003 0.29142578125 0.007984375000000021 0.01593750000000005
0 0.30790625 0.25908203125 0.008562500000000028 0.020214843750000017
0 0.2575 0.3787109375 0.004750000000000032 0.00593750000000004
0 0.263671875 0.3825 0.005328125000000039 0.013554687499999996
0 0.482109375 0.32822265625 0.004531249999999964 0.0048828125
0 0.4090625 0.36201171875 0.004374999999999929 0.0068359375
0 0.440546875 0.39521484375 0.00546875 0.0037109374999999556
0 0.49578125 0.38349609375 0.0046875 0.006445312500000022
0 0.50859375 0.396875 0.004062500000000036 0.005468750000000022
