0 0.76728125 0.55185546875 0.04628125000000001 0.01773437500000008
0 0.8825156249999999 0.3741796875 0.00956249999999983 0.015234375000000022
0 0.6295468750000001 0.5111328125 0.02120312500000008 0.03662109375
0 0.527609375 0.49546875 0.04085937499999996 0.019746093750000027
0 0.17093750000000002 0.441953125 0.009015625000000017 0.007382812499999947
0 0.24159375 0.44693359375 0.006015625000000036 0.0069531250000000044
0 0.268625 0.437734375 0.005343750000000025 0.013066406249999996
0 0.470484375 0.35150390625 0.00890625000000007 0.008066406249999991
0 0.373890625 0.42119140625 0.007562499999999961 0.015019531249999996
0 0.38290625 0.419375 0.008234374999999971 0.012519531250000049
0 0.393484375 0.4305078125 0.01157812500000004 0.016972656249999996
0 0.548828125 0.43455078125 0.009796874999999972 0.014472656250000049
