0 0.49592187499999996 0.57439453125 0.03465624999999992 0.009902343750000098
0 0.4625 0.57482421875 0.024093749999999935 0.01253906249999992
0 0.41046875 0.52216796875 0.0068749999999999645 0.0107421875
0 0.51328125 0.5271484375 0.006562500000000071 0.011328124999999911
0 0.44851562500000003 0.55556640625 0.006406250000000035 0.007226562500000089
0 0.47390625000000003 0.55595703125 0.00625 0.007617187499999956
0 0.629140625 0.433203125 0.006093749999999965 0.009375000000000022
0 0.6903125 0.49521484375 0.01281250000000007 0.005273437499999978
0 0.696015625 0.47373046875 0.005156249999999929 0.005273437499999978
0 0.148609375 0.30451171875 0.01262500000000002 0.01578124999999997
0 0.36746875 0.401328125 0.0078125 0.008515625000000027
0 0.41023437500000004 0.4662109375 0.006406250000000035 0.0078125
0 0.37875000000000003 0.41962890625 0.003125 0.005664062499999956
0 0.13809375 0.607265625 0.01668750000000001 0.014238281249999929
0 0.77140625 0.4728515625 0.01062499999999993 0.0078125
0 0.678828125 0.4923828125 0.007343750000000071 0.01171875
0 0.63515625 0.49638671874999996 0.0375 0.016601562499999944
0 0.144296875 0.5771484375 0.006406249999999991 0.009374999999999911
