0 0.633859375 0.36705078125 0.008234374999999971 0.011874999999999969
0 0.554265625 0.4240234375 0.007515624999999915 0.013144531250000036
0 0.286734375 0.29703125 0.006765624999999975 0.011425781250000044
0 0.206484375 0.44248046875 0.006718750000000018 0.008398437500000022
0 0.2184375 0.44345703125 0.007187500000000036 0.008398437500000022
0 0.22890625 0.4412109375 0.0046875 0.006249999999999978
0 0.236015625 0.44208984375 0.005781249999999983 0.008007812500000044
0 0.254140625 0.44052734375 0.005156250000000018 0.006054687500000044
0 0.29500000000000004 0.47353515625 0.0078125 0.006054687500000044
0 0.369375 0.46689453125 0.008750000000000036 0.0048828125
0 0.41703124999999996 0.46884765625 0.005312499999999965 0.004492187500000022
