0 0.470328125 0.49865234375 0.016531250000000063 0.007480468750000024
0 0.2570625 0.44271484375 0.005312499999999965 0.006640624999999956
0 0.26356250000000003 0.444375 0.005156250000000018 0.006445312500000022
0 0.294828125 0.413203125 0.005781249999999983 0.007031250000000044
0 0.30271875000000004 0.41291015625 0.006562499999999982 0.007617187499999956
0 0.321171875 0.442421875 0.0046875 0.007226562499999978
0 0.338765625 0.442421875 0.006093749999999965 0.007226562499999978
0 0.33196875000000003 0.4190625 0.008124999999999983 0.008984375000000044
0 0.42179687499999996 0.4298046875 0.004531249999999964 0.006249999999999978
0 0.42281250000000004 0.46880859375 0.00625 0.005273437499999978
0 0.387265625 0.4896484375 0.015468749999999965 0.017968749999999978
0 0.37171875 0.42001953125 0.004375000000000018 0.005664062499999956
