0 0.032421875 0.26724609375 0.010265625 0.02628906249999996
0 0.56328125 0.29837890625 0.01001562499999995 0.01970703124999995
0 0.618703125 0.50765625 0.0047499999999999435 0.018476562500000016
0 0.62546875 0.50755859375 0.004578124999999922 0.016054687500000053
0 0.633734375 0.49513671875 0.0049218749999999645 0.007031250000000044
0 0.40515625 0.45703125 0.00625 0.010156249999999978
0 0.41859375 0.50390625 0.005312499999999965 0.017578125
0 0.42796874999999995 0.46982421875 0.005937499999999929 0.007226562499999978
0 0.45171875000000006 0.47099609375 0.005312499999999965 0.009179687499999978
0 0.4615625 0.46533203125 0.0068749999999999645 0.009960937500000044
0 0.48757812500000003 0.47548828125 0.004531249999999964 0.006445312500000022
0 0.48890625 0.4353515625 0.004374999999999929 0.006249999999999978
0 0.5278906250000001 0.4431640625 0.0048437500000000355 0.006640624999999956
0 0.5317968750000001 0.50283203125 0.00859375 0.006445312499999967
0 0.5584374999999999 0.46455078125 0.005625000000000035 0.007617187499999956
0 0.57078125 0.47490234375 0.005000000000000071 0.005664062499999956
0 0.49632812499999995 0.4767578125 0.00390625 0.005468750000000022
