0 0.43023437500000006 0.4823828125 0.00890625000000007 0.006191406250000031
0 0.30025 0.14591796875 0.020375000000000032 0.010390624999999987
0 0.305 0.3140625 0.008624999999999971 0.012597656249999978
0 0.33028124999999997 0.3007421875 0.011390625000000033 0.0058984374999999645
0 0.327890625 0.35205078125 0.007968750000000035 0.0048828125
0 0.308984375 0.4091796875 0.004218749999999982 0.007421875000000022
0 0.30703125 0.35439453125 0.006562499999999982 0.0107421875
0 0.703984375 0.395703125 0.005781250000000071 0.007421875000000022
0 0.32437499999999997 0.3845703125 0.005937500000000017 0.005859375
0 0.31960937500000003 0.394140625 0.00546875 0.005078125000000044
0 0.320078125 0.404296875 0.004218749999999982 0.005078125000000044
