0 0.0494375 0.29228515625 0.006765624999999997 0.011269531249999964
0 0.088484375 0.38607421875 0.00657812499999999 0.008750000000000036
0 0.12646875 0.3939453125 0.005359375000000011 0.007011718749999951
0 0.389609375 0.47236328125 0.005156250000000018 0.007226562499999978
0 0.524140625 0.501171875 0.004531249999999964 0.005468749999999967
0 0.70546875 0.48251953125 0.00625 0.011132812499999978
0 0.70546875 0.49824218750000004 0.0028124999999999288 0.0058593750000000555
0 0.692453125 0.29197265625 0.0078125 0.013710937499999964
0 0.151484375 0.40126953125 0.004843749999999991 0.007226562499999978
0 0.243359375 0.44169921875 0.004531249999999964 0.006054687500000044
0 0.4125 0.45478515625 0.004374999999999929 0.005273437499999978
0 0.566875 0.50888671875 0.004062500000000036 0.005273437500000089
