0 0.40796875000000005 0.4933984375 0.009890625000000064 0.00544921875000004
0 0.28885937500000003 0.265 0.01701562499999998 0.007675781250000013
0 0.28114062500000003 0.29689453125 0.009375 0.013691406249999982
0 0.306953125 0.34166015625 0.009375 0.005859375
0 0.29428125 0.34869140625 0.00625 0.009765625
0 0.31484375 0.3818359375 0.007500000000000018 0.006640624999999956
0 0.31328125 0.39345703125 0.004999999999999982 0.007617187499999956
0 0.308984375 0.4109375 0.00546875 0.009375000000000022
0 0.309921875 0.41982421875 0.004531249999999964 0.006054687500000044
0 0.32023437499999996 0.42841796875 0.0048437500000000355 0.007226562499999978
0 0.318046875 0.405859375 0.00546875 0.006249999999999978
