0 0.8868124999999999 0.42787109375 0.0052656249999998295 0.0062304687499999956
0 0.664671875 0.365 0.009562500000000007 0.008906250000000004
0 0.48471875000000003 0.45060546875 0.0043906249999999146 0.009511718750000009
0 0.39042187500000003 0.47650390625 0.006593750000000042 0.005078125000000044
0 0.32414062499999996 0.4833984375 0.005156250000000018 0.004296874999999978
0 0.23742187499999998 0.5 0.004531249999999964 0.005078125000000044
0 0.045234375 0.39806640625 0.010343749999999995 0.020722656250000027
0 0.3368125 0.3682421875 0.004984374999999997 0.00837890625000004
0 0.361015625 0.47294921875 0.003593750000000018 0.005273437499999978
0 0.25460937499999997 0.48056640625 0.0048437500000000355 0.005273437499999978
0 0.28265625 0.4728515625 0.0046875 0.005468750000000022
0 0.3096875 0.47255859375 0.004375000000000018 0.005273437499999978
0 0.34054687499999997 0.4697265625 0.004531249999999964 0.005468750000000022
0 0.091953125 0.49111328125 0.005781250000000004 0.007617187499999956
0 0.10765625000000001 0.5130859375 0.005312500000000009 0.006250000000000089
0 0.15335937500000002 0.488671875 0.004531250000000009 0.006640624999999956
0 0.21351562500000001 0.48251953125 0.004937500000000039 0.00578124999999996
