0 0.35929687499999996 0.44716796875 0.006718750000000018 0.008398437500000022
0 0.394765625 0.469140625 0.015156249999999982 0.011328125000000022
0 0.40203125 0.44541015625 0.005937499999999973 0.007617187499999956
0 0.3921875 0.3814453125 0.006562499999999982 0.008593749999999956
0 0.523546875 0.43865234375 0.005671874999999993 0.01732421875000001
0 0.51346875 0.380078125 0.005671874999999993 0.0072851562500000355
0 0.381796875 0.4353515625 0.005156250000000018 0.006640624999999956
0 0.360390625 0.36611328125 0.00546875 0.008007812500000044
0 0.37078125 0.3666015625 0.0068749999999999645 0.008984375000000044
0 0.41328125 0.3521484375 0.0037499999999999643 0.0078125
0 0.42374999999999996 0.3265625 0.0046875 0.006249999999999978
0 0.590609375 0.28529296875 0.007437499999999986 0.011464843750000009
