0 0.007218749999999999 0.5623828125 0.014421875 0.011523437499999956
0 0.112234375 0.52556640625 0.013624999999999998 0.018027343750000036
0 0.1078125 0.56689453125 0.008812499999999978 0.013535156249999902
0 0.145953125 0.5362109375 0.007515625000000003 0.01845703125000009
0 0.144828125 0.56953125 0.008265624999999988 0.011269531249999964
0 0.18939062499999998 0.54357421875 0.025281249999999988 0.010019531249999991
0 0.15646875 0.52337890625 0.015015624999999977 0.007832031249999982
0 0.23732812499999997 0.57345703125 0.011015625000000018 0.013457031249999973
0 0.2301875 0.5327734375 0.03179687500000004 0.024726562499999938
0 0.064109375 0.3433203125 0.006859375000000001 0.008574218749999973
0 0.08003125 0.326171875 0.009499999999999998 0.012968749999999973
0 0.07062500000000001 0.33693359375 0.008968749999999992 0.012539062500000031
0 0.080296875 0.34826171875 0.006859375000000001 0.011874999999999969
0 0.10007812499999999 0.38158203125 0.008796874999999992 0.015175781249999964
0 0.186890625 0.41169921875 0.006156249999999997 0.0054882812500000044
0 0.165515625 0.359140625 0.00809375000000001 0.011660156250000053
0 0.19048437499999998 0.3698046875 0.00843750000000001 0.012304687500000022
0 0.398125 0.39806640625 0.008624999999999971 0.011210937500000018
0 0.400234375 0.47171875 0.005796875000000012 0.0076953124999999956
0 0.4095625 0.47326171875 0.006156250000000085 0.00724609374999996
0 0.48457812499999997 0.51337890625 0.016890624999999916 0.007031250000000044
0 0.74934375 0.4976171875 0.0047499999999999435 0.0057421874999999956
0 0.545203125 0.50287109375 0.004109374999999993 0.007128906249999956
0 0.522171875 0.48970703125 0.004265625000000028 0.004550781249999969
0 0.13359375 0.4122265625 0.008765625000000022 0.012304687500000022
0 0.255359375 0.42701171875 0.006062499999999993 0.006562500000000027
