0 0.974171875 0.419921875 0.008234374999999971 0.008007812500000044
0 0.9301875000000001 0.36048828125 0.009874999999999901 0.024472656249999947
0 0.9461875 0.36162109375 0.012984374999999914 0.026757812499999978
0 0.63671875 0.39931640625 0.004374999999999929 0.005664062499999956
0 0.38492187499999997 0.48349609375 0.009218749999999965 0.0037109374999999556
0 0.455234375 0.44990234375 0.0048437500000000355 0.004492187500000022
0 0.52109375 0.45419921875 0.005937499999999929 0.003320312499999978
0 0.408234375 0.17470703125 0.019562499999999972 0.008652343750000013
0 0.422265625 0.23087890625 0.010078125000000071 0.02320312499999999
0 0.459796875 0.283359375 0.012453125000000042 0.006171875000000049
0 0.726796875 0.39287109375 0.0048437500000000355 0.016992187499999978
