0 0.702171875 0.53400390625 0.00890625000000007 0.006953124999999893
0 0.5960156249999999 0.523984375 0.023140624999999915 0.008066406249999991
0 0.08584375 0.330546875 0.005187499999999989 0.006679687500000031
0 0.32414062499999996 0.366796875 0.003593750000000018 0.005078125000000044
0 0.602578125 0.43486328125 0.0032812500000000354 0.006445312500000022
0 0.590234375 0.3345703125 0.005781250000000071 0.0078125
0 0.558671875 0.38193359375 0.00390625 0.0048828125
0 0.6046875 0.4912109375 0.0046875 0.009765625
0 0.581171875 0.51201171875 0.0048437500000000355 0.006054687500000044
0 0.5484375 0.5109375 0.005000000000000071 0.00390625
0 0.525859375 0.49033203125 0.005781250000000071 0.007617187499999956
0 0.52140625 0.47255859375 0.0068749999999999645 0.006054687500000044
