0 0.8041406249999999 0.5115234375 0.00703125 0.008203125000000089
0 0.801484375 0.5310546875 0.0045312500000000535 0.007421874999999911
0 0.828125 0.53466796875 0.010000000000000142 0.017773437500000044
0 0.8604687500000001 0.55009765625 0.05281249999999993 0.007617187499999956
0 0.9285937499999999 0.31669921875 0.007499999999999929 0.009179687499999978
0 0.9584374999999999 0.31689453125 0.009375 0.009179687499999978
0 0.5084375 0.45341796875 0.009687500000000071 0.005664062499999956
0 0.43015625 0.4619140625 0.009687500000000071 0.004687499999999956
0 0.44609375 0.45205078125 0.004374999999999929 0.006054687500000044
0 0.44601562499999997 0.461328125 0.0048437500000000355 0.005859375
0 0.303828125 0.36064453125 0.00390625 0.005664062499999956
0 0.627421875 0.229296875 0.00890625000000007 0.013281250000000022
