0 0.036484375 0.52693359375 0.026703125000000005 0.022988281249999964
0 0.033375 0.62724609375 0.05635937499999999 0.023300781249999902
0 0.21156250000000001 0.55923828125 0.008671875000000018 0.02708984375000001
0 0.831203125 0.4366015625 0.006515625000000113 0.011386718749999969
0 0.6679999999999999 0.4079296875 0.004062500000000036 0.005468750000000022
0 0.45367187500000006 0.4767578125 0.009218749999999965 0.005468750000000022
0 0.33625 0.33359375 0.0068749999999999645 0.012499999999999956
0 0.356640625 0.366796875 0.00703125 0.005859375
0 0.369921875 0.3302734375 0.009531250000000036 0.006249999999999978
0 0.37203125 0.23994140625 0.015312500000000017 0.006445312500000022
0 0.44125 0.462109375 0.0046875 0.006249999999999978
0 0.451640625 0.45107421875 0.004218750000000071 0.0048828125
0 0.4609375 0.4630859375 0.004374999999999929 0.005859375
