0 0.930578125 0.4051171875 0.004921875000000142 0.00830078125
0 0.971125 0.1813671875 0.011562500000000142 0.02568359375000001
0 0.650984375 0.2662890625 0.009421874999999958 0.018984375000000053
0 0.5836406249999999 0.34859375 0.005781250000000071 0.009570312499999956
0 0.565734375 0.29494140625 0.005000000000000071 0.005468750000000022
0 0.6100625 0.4616796875 0.017984374999999986 0.008984375000000044
0 0.21385937500000002 0.23728515625 0.007609375000000007 0.01685546874999999
0 0.278828125 0.3701171875 0.005156250000000018 0.006640624999999956
0 0.286484375 0.37392578125 0.005156250000000018 0.013476562499999956
0 0.466953125 0.35205078125 0.004531249999999964 0.0068359375
0 0.5736718749999999 0.39638671875 0.0048437500000000355 0.005664062499999956
0 0.614609375 0.3142578125 0.006093749999999965 0.009765625
0 0.50078125 0.3955078125 0.0046875 0.006640624999999956
0 0.5641406250000001 0.37978515625 0.005156249999999929 0.007617187499999956
0 0.510859375 0.39814453125 0.004218750000000071 0.005273437499999978
0 0.022890625 0.36875 0.012406250000000002 0.016308593750000044
0 0.29853125 0.15353515625 0.014984374999999961 0.028886718749999984
