0 0.181359375 0.41943359375 0.00792187499999999 0.016582031250000018
0 0.3795 0.3947265625 0.004375000000000018 0.006054687500000044
0 0.427578125 0.39365234375 0.005781250000000071 0.006249999999999978
0 0.440875 0.46099609375 0.009218749999999965 0.013886718750000027
0 0.7021875 0.44853515625 0.007499999999999929 0.0126953125
0 0.6930468750000001 0.448046875 0.0048437500000000355 0.013281250000000022
0 0.614078125 0.33494140625 0.0036250000000000782 0.006894531249999947
0 0.5634375 0.29609375 0.0125 0.006249999999999978
0 0.528359375 0.3861328125 0.007343750000000071 0.005859375
0 0.509296875 0.41982421875 0.004531249999999964 0.006054687500000044
0 0.184046875 0.49001953125 0.027031250000000017 0.018847656249999956
0 0.24957812499999998 0.48845703125 0.009312499999999968 0.006171875000000049
0 0.263109375 0.486875 0.012234374999999974 0.00935546875000004
0 0.259359375 0.5001171875 0.02667187499999999 0.007070312500000009
0 0.28976562499999997 0.47990234375 0.007484375000000032 0.01416015625
0 0.32090625 0.49302734375 0.006937499999999997 0.0052539062499999956
0 0.33853125 0.47328125 0.012234374999999974 0.022832031249999996
0 0.04773437500000001 0.14375 0.006421875000000005 0.007050781250000027
0 0.74328125 0.48125 0.00625 0.008203124999999978
0 0.8328125 0.44365234375 0.005937499999999929 0.006445312500000022
0 0.5621875000000001 0.3125 0.0037499999999999643 0.008984375000000044
