0 0.275125 0.65236328125 0.0125 0.01667968749999993
0 0.312765625 0.66203125 0.038328125000000046 0.026503906250000098
0 0.357859375 0.66591796875 0.024593750000000015 0.013554687500000107
0 0.44253125000000004 0.6505078125 0.03264062499999998 0.059531250000000036
0 0.6226875 0.69935546875 0.02335937500000007 0.017226562500000098
0 0.704296875 0.61212890625 0.021859375000000014 0.05541015625000001
0 0.806890625 0.46826171875 0.03931250000000004 0.04298828124999998
0 0.9720000000000001 0.3728515625 0.011796874999999929 0.010234375000000018
0 0.594453125 0.40615234375 0.004531249999999964 0.007617187499999956
0 0.5509375000000001 0.392578125 0.004062500000000036 0.007031250000000044
0 0.140390625 0.408203125 0.005781249999999983 0.0078125
0 0.34515625 0.4603515625 0.010312500000000035 0.008984375000000044
0 0.98784375 0.5051171875 0.0053750000000000854 0.007851562499999964
