0 0.6011875 0.297890625 0.007937500000000064 0.008417968750000004
0 0.46399999999999997 0.2753515625 0.008640624999999957 0.007460937499999987
0 0.44712500000000005 0.29115234375 0.009468749999999915 0.012851562499999969
0 0.08096875 0.418359375 0.00926562499999999 0.016718750000000004
0 0.136015625 0.44052734375 0.006093750000000009 0.008007812500000044
0 0.07906250000000001 0.4505859375 0.005937499999999996 0.007031250000000044
0 0.14320312500000001 0.47421875 0.005781249999999983 0.008984375000000044
0 0.15171874999999999 0.4490234375 0.005312500000000009 0.009375000000000022
0 0.3334375 0.40771484375 0.008531249999999968 0.008007812500000044
0 0.756765625 0.11390625 0.006328124999999929 0.012792968749999994
