0 0.675296875 0.519921875 0.024781250000000022 0.023945312499999982
0 0.7102968749999999 0.43064453125 0.006906249999999936 0.012792968750000022
0 0.68303125 0.3772265625 0.008015624999999993 0.010019531249999991
0 0.2296875 0.47099609375 0.008906249999999982 0.010019531249999991
0 0.311359375 0.468203125 0.010234375000000018 0.010566406250000049
0 0.27853125 0.445390625 0.04251562499999997 0.009453124999999951
0 0.25171875 0.4810546875 0.009375 0.005468750000000022
0 0.401015625 0.44814453125 0.005156249999999973 0.0068359375
0 0.4140625 0.4466796875 0.005937499999999929 0.005078125000000044
0 0.4684375 0.46220703125 0.0203125 0.008007812500000044
0 0.52265625 0.44091796875 0.009062499999999928 0.0205078125
0 0.575703125 0.47734375 0.0048437500000000355 0.007421875000000022
0 0.538125 0.43896484375 0.005000000000000071 0.005664062499999956
0 0.555546875 0.438671875 0.004218750000000071 0.005468750000000022
0 0.56140625 0.4357421875 0.004374999999999929 0.005468750000000022
0 0.566328125 0.43974609375 0.003593749999999929 0.004492187500000022
0 0.2748125 0.5234765625 0.03185937499999998 0.007265625000000053
0 0.25773437499999996 0.503359375 0.02418750000000003 0.008007812500000044
0 0.48046875 0.439453125 0.003125 0.005859375
