0 0.8536250000000001 0.48806640625 0.006234375000000014 0.02978515625
0 0.5100781249999999 0.17166015625 0.012031250000000071 0.024980468749999984
0 0.395609375 0.39677734375 0.005312499999999965 0.008593749999999956
0 0.216015625 0.50498046875 0.01015625 0.005664062499999956
0 0.18656250000000002 0.506640625 0.00843750000000001 0.007421874999999911
0 0.21156250000000001 0.52373046875 0.024375000000000015 0.011132812500000089
0 0.18757812499999998 0.52431640625 0.01015625 0.011523437499999956
0 0.26265625 0.5080078125 0.0265625 0.008203125000000089
0 0.28726562499999997 0.49970703125 0.005781249999999983 0.016210937500000022
0 0.27937500000000004 0.501171875 0.004999999999999982 0.015234374999999967
0 0.507578125 0.483984375 0.005156249999999929 0.004687499999999956
0 0.40234375 0.48740234375 0.0037499999999999643 0.004492187500000022
0 0.34578125000000004 0.49013671875 0.005625000000000035 0.0048828125
0 0.365625 0.4892578125 0.006562499999999982 0.004687499999999956
0 0.3579375 0.5001953125 0.03243749999999999 0.008203125000000033
0 0.30648437500000003 0.4291015625 0.006406250000000035 0.012499999999999956
0 0.346640625 0.43857421875 0.006093749999999965 0.011914062500000044
0 0.524609375 0.43193359375 0.004531249999999964 0.009179687499999978
0 0.531171875 0.422265625 0.005781250000000071 0.012890625000000044
0 0.456171875 0.47412109375 0.0048437500000000355 0.004101562500000044
