0 0.112359375 0.40375 0.00676562500000002 0.013378906250000044
0 0.360171875 0.28671875 0.012390625000000011 0.009511718750000009
0 0.46060937500000004 0.59470703125 0.010187499999999971 0.008398437499999911
0 0.481546875 0.5954296875 0.022921874999999935 0.009843749999999929
0 0.511296875 0.49720703125 0.009718750000000043 0.0078125
0 0.515546875 0.47623046875 0.006562500000000071 0.0048828125
0 0.41203124999999996 0.45361328125 0.0046875 0.004492187500000022
0 0.434765625 0.45322265625 0.00546875 0.005273437499999978
0 0.42406249999999995 0.46748046875 0.03343749999999997 0.008007812500000044
0 0.41015625 0.34111328125 0.005000000000000071 0.005664062499999956
0 0.4 0.547578125 0.016125000000000035 0.01839843749999992
0 0.41782812500000005 0.54951171875 0.011031249999999914 0.013085937500000089
0 0.48150000000000004 0.55216796875 0.012734374999999964 0.014140625000000018
0 0.5000312499999999 0.55234375 0.01925000000000008 0.01732421875000001
0 0.503703125 0.60044921875 0.016984375000000006 0.02369140624999999
0 0.39829687500000005 0.5976171875 0.018390625000000015 0.025117187500000027
0 0.40210937500000005 0.4416015625 0.005156249999999973 0.005468750000000022
0 0.44390625000000006 0.4115234375 0.015312499999999929 0.005078125000000044
0 0.39046875000000003 0.3712890625 0.005937500000000017 0.006640624999999956
0 0.440546875 0.3828125 0.00828124999999993 0.011328125000000022
