0 0.873109375 0.4378515625 0.018203125000000143 0.013007812500000049
0 0.790828125 0.30431640625 0.013499999999999979 0.018124999999999947
0 0.697171875 0.24455078125 0.008500000000000086 0.0087890625
0 0.6468125 0.2925 0.007906249999999915 0.008046875000000009
0 0.6227343750000001 0.43623046875 0.011265625000000057 0.06320312500000003
0 0.59821875 0.41615234375 0.005140624999999943 0.006191406250000031
0 0.60478125 0.41591796875 0.004953124999999936 0.005234375000000013
0 0.362609375 0.4732421875 0.009812499999999957 0.004863281250000018
0 0.22570312499999998 0.44142578125 0.009296874999999982 0.007187500000000013
0 0.2053125 0.44341796875 0.006093749999999965 0.009082031249999956
0 0.143375 0.500234375 0.014906249999999987 0.009316406249999964
0 0.1635625 0.47888671875 0.009031250000000001 0.006972656249999987
0 0.10746875 0.48248046875 0.008265624999999988 0.00935546875000004
0 0.25389062500000004 0.256484375 0.008937500000000043 0.018124999999999974
