0 0.121171875 0.47447265625 0.0464375 0.04328125000000005
0 0.507125 0.30408203125 0.007406250000000014 0.007519531250000044
0 0.4875 0.3865625 0.005578125000000078 0.006562500000000027
0 0.46873437500000004 0.38095703125 0.005578125000000078 0.007617187499999956
0 0.44370312500000003 0.37671875 0.005250000000000021 0.00675781249999996
0 0.40573437500000004 0.38052734375 0.005078125 0.00675781249999996
0 0.4110625 0.4041015625 0.004234375000000057 0.00529296874999996
0 0.478984375 0.442578125 0.01171875 0.007031250000000044
0 0.46640625 0.44345703125 0.0068749999999999645 0.006054687500000044
0 0.457890625 0.44326171875 0.005156249999999929 0.0048828125
0 0.398203125 0.45283203125 0.012031249999999983 0.011523437499999956
0 0.41126562499999997 0.4435546875 0.004812500000000064 0.00773437499999996
