0 0.915578125 0.2554296875 0.017453125000000114 0.03697265625000001
0 0.776453125 0.32451171875 0.009765625 0.02253906250000004
0 0.7272031250000001 0.021171875 0.013265625000000014 0.01806640625
0 0.5022656249999999 0.326171875 0.006406250000000035 0.009375000000000022
0 0.47257812499999996 0.48056640625 0.04104687499999997 0.011933593750000027
0 0.49995312500000005 0.4409765625 0.00756250000000005 0.008769531250000018
0 0.43648437500000004 0.4390625 0.007734375000000071 0.009003906250000027
0 0.42271875000000003 0.4512109375 0.014406250000000042 0.007656250000000031
0 0.36148437499999997 0.451171875 0.006718750000000018 0.006249999999999978
0 0.40031249999999996 0.4509765625 0.007499999999999974 0.006640624999999956
0 0.39796875 0.4642578125 0.008125000000000026 0.006640624999999956
0 0.364609375 0.46376953125 0.009218749999999965 0.008398437500000022
0 0.10398437499999999 0.625234375 0.03753125 0.03425781249999993
0 0.018203125 0.6644140625 0.03640625 0.05818359374999993
0 0.2090625 0.4259765625 0.005625000000000035 0.006640624999999956
0 0.21164062499999997 0.4455078125 0.006406250000000035 0.014843750000000044
0 0.27999999999999997 0.3220703125 0.0068749999999999645 0.008593749999999956
0 0.3275 0.2880859375 0.007500000000000018 0.010546874999999956
0 0.38406250000000003 0.469921875 0.019687500000000035 0.010546874999999956
