0 0.993359375 0.36166015625 0.01328125 0.021992187499999982
0 0.283828125 0.434375 0.00546875 0.012499999999999956
0 0.322734375 0.4181640625 0.00703125 0.006640624999999956
0 0.331484375 0.4193359375 0.007968750000000035 0.006640624999999956
0 0.34234375 0.42041015625 0.0078125 0.008398437500000022
0 0.466640625 0.3412109375 0.00390625 0.004296874999999978
0 0.51875 0.33935546875 0.007187500000000036 0.0087890625
0 0.58 0.25986328125 0.01593750000000007 0.007226562499999978
0 0.49242187499999995 0.468359375 0.018906250000000034 0.007031250000000044
0 0.48484375 0.4607421875 0.005000000000000071 0.006640624999999956
0 0.458359375 0.472265625 0.004531249999999964 0.005859375
0 0.424296875 0.47216796875 0.004218750000000071 0.0048828125
0 0.499140625 0.4609375 0.005781250000000071 0.004687499999999956
0 0.5009375 0.41904296875 0.007499999999999929 0.013476562499999956
0 0.52125 0.45126953125 0.00625 0.017382812499999956
0 0.51296875 0.453515625 0.0046875 0.014453124999999956
0 0.4178125 0.4654296875 0.008125000000000071 0.009375000000000022
