0 0.28889062499999996 0.44552734375 0.007421875 0.010234375000000018
0 0.29515625 0.44529296875 0.004750000000000032 0.00642578125000004
0 0.32028124999999996 0.5087890625 0.007421875 0.008320312499999982
0 0.48390625 0.47314453125 0.005312499999999965 0.005664062499999956
0 0.521953125 0.4916015625 0.00859375 0.006640624999999956
0 0.616171875 0.4345703125 0.009843749999999929 0.018359374999999956
0 0.734609375 0.35048828125 0.00828124999999993 0.015429687499999956
0 0.7405468749999999 0.38564453125 0.005156249999999929 0.006445312500000022
0 0.746953125 0.37890625 0.005781250000000071 0.006249999999999978
0 0.375234375 0.47265625 0.005781249999999983 0.006640624999999956
0 0.455078125 0.4671875 0.007656249999999964 0.005468750000000022
