0 0.957046875 0.5966796875 0.02690625000000004 0.02109374999999991
0 0.96284375 0.6546875 0.03323437499999997 0.017148437499999947
0 0.913 0.65138671875 0.04220312499999999 0.015820312500000044
0 0.8483906250000001 0.631953125 0.03850000000000016 0.07449218749999997
0 0.7655937500000001 0.6421484375 0.12398437499999995 0.04226562499999997
0 0.8212343750000001 0.64017578125 0.012656249999999859 0.010546874999999956
0 0.67090625 0.5729296875 0.04642187500000006 0.08175781250000003
0 0.45503125000000005 0.40970703125 0.009359375000000014 0.012402343750000044
0 0.1993125 0.47248046875 0.006062499999999993 0.009609375000000031
0 0.22593749999999999 0.47759765625 0.005734375000000025 0.007167968750000031
0 0.212921875 0.47646484375 0.01604687499999997 0.0069531250000000044
0 0.729390625 0.51294921875 0.014203125000000049 0.01619140624999993
