0 0.8618750000000001 0.493359375 0.0056249999999998575 0.007421875000000022
0 0.9779687499999999 0.47490234375 0.0046875 0.008398437500000022
0 0.653125 0.50087890625 0.00625 0.0068359375
0 0.6079687500000001 0.45947265625 0.0046875 0.006445312500000022
0 0.562421875 0.478515625 0.006093749999999965 0.0078125
0 0.526875 0.50595703125 0.011875000000000035 0.0048828125
0 0.48929687499999996 0.4384765625 0.009218749999999965 0.003515625000000022
0 0.46656250000000005 0.4525390625 0.004062500000000036 0.006640624999999956
0 0.463359375 0.4759765625 0.0048437500000000355 0.006640624999999956
0 0.5078125 0.484375 0.0046875 0.005859375
0 0.521484375 0.4845703125 0.004531249999999964 0.005468750000000022
0 0.526953125 0.4845703125 0.004531249999999964 0.005859375
0 0.50734375 0.49931640624999996 0.0037499999999999643 0.0068359374999999445
0 0.5387500000000001 0.4853515625 0.0046875 0.006249999999999978
0 0.597890625 0.46337890625 0.0048437500000000355 0.005273437499999978
0 0.9617968749999999 0.47705078125 0.005781250000000071 0.007226562499999978
0 0.9953125 0.5158203125 0.003750000000000142 0.005468749999999911
