0 0.048921875 0.70525390625 0.042984375 0.01992187500000009
0 0.08875 0.596171875 0.012968749999999996 0.01667968749999993
0 0.074296875 0.495703125 0.008562500000000006 0.0073632812499999645
0 0.115578125 0.44421875 0.005890625000000016 0.007617187499999956
0 0.362890625 0.512578125 0.01882812500000002 0.03210937500000005
0 0.598671875 0.4291015625 0.007968750000000035 0.008984375000000044
0 0.626875 0.4431640625 0.005625000000000035 0.005859375
0 0.7496875000000001 0.216015625 0.009062499999999928 0.012109374999999978
0 0.43140625000000005 0.50361328125 0.00625 0.005273437500000089
0 0.40578125 0.5244140625 0.005000000000000071 0.003515624999999911
0 0.436015625 0.52431640625 0.03140625000000004 0.005273437500000089
