0 0.019953125 0.61591796875 0.032937499999999995 0.012265624999999947
0 0.106640625 0.50818359375 0.010000000000000009 0.007031250000000044
0 0.12353125000000001 0.4375390625 0.010640625000000004 0.0068359375
0 0.255625 0.47265625 0.004062500000000036 0.005468750000000022
0 0.276015625 0.47041015625 0.009218749999999965 0.007617187499999956
0 0.279921875 0.44111328125 0.007968750000000035 0.005273437499999978
0 0.30140625 0.5115234375 0.018437500000000016 0.006250000000000089
0 0.49734375000000003 0.4607421875 0.0171875 0.006249999999999978
0 0.64140625 0.40078125 0.005312499999999965 0.008203124999999978
0 0.7998593749999999 0.5852734375 0.05659374999999996 0.031777343749999964
0 0.8653437500000001 0.59244140625 0.016953124999999857 0.028359374999999964
0 0.955703125 0.5953515625 0.029250000000000043 0.019824218749999956
0 0.790015625 0.44958984375 0.011203124999999935 0.011269531249999964
0 0.753234375 0.44498046875 0.013124999999999965 0.01025390625
0 0.767875 0.493671875 0.016125000000000077 0.015371093750000009
0 0.93 0.46837890625 0.013937500000000113 0.009218750000000053
0 0.9453125 0.513671875 0.014484374999999971 0.014355468750000044
0 0.966671875 0.473515625 0.00859375 0.008046875000000009
0 0.710328125 0.58677734375 0.005937499999999929 0.014609375000000036
0 0.6057812499999999 0.4498046875 0.005937499999999929 0.006249999999999978
0 0.30921875 0.4806640625 0.0068749999999999645 0.008593749999999956
0 0.2571875 0.48427734375 0.005937500000000017 0.008007812500000044
0 0.38296874999999997 0.45380859375 0.018125000000000037 0.0048828125
0 0.38515625 0.475390625 0.047812500000000036 0.0078125
