0 0.90928125 0.490390625 0.018062499999999915 0.022578125000000004
0 0.79571875 0.4894140625000001 0.03484374999999993 0.03642578125000001
0 0.02803125 0.5072265625 0.009812500000000002 0.008710937500000071
0 0.003484375 0.50919921875 0.00696875 0.008710937500000071
0 0.23176562500000003 0.48294921875 0.010140625000000014 0.014785156249999987
0 0.386359375 0.49052734375 0.007328124999999996 0.006679687500000031
0 0.368765625 0.48560546875 0.008171875000000028 0.007382812499999947
0 0.24671875000000001 0.46162109375 0.007093750000000032 0.014960937500000049
0 0.26101562500000003 0.4642578125 0.011312500000000014 0.019667968749999987
0 0.30246875 0.48892578125 0.01662499999999998 0.011367187499999987
