0 0.29071875 0.4880859375 0.006484374999999964 0.019101562499999947
0 0.33187500000000003 0.4493359375 0.005890624999999971 0.0087890625
0 0.339578125 0.446953125 0.006093749999999965 0.00642578125000004
0 0.416390625 0.47373046875 0.010578124999999971 0.006699218750000013
0 0.5083593750000001 0.44568359375 0.00454687499999995 0.010371093750000004
0 0.62528125 0.38765625 0.006171875000000071 0.006093750000000009
0 0.6633281249999999 0.44751953125 0.00454687499999995 0.0063085937500000355
0 0.37459375 0.3701953125 0.004609374999999982 0.007089843749999991
0 0.255546875 0.4384765625 0.005156250000000018 0.005859375
0 0.155125 0.40330078125 0.008187500000000014 0.014980468750000031
0 0.40031249999999996 0.4609375 0.0037499999999999643 0.005078125000000044
0 0.42281250000000004 0.46162109375 0.004374999999999929 0.0048828125
0 0.372734375 0.4724609375 0.0032812500000000354 0.004296874999999978
0 0.150078125 0.4830078125 0.007968749999999991 0.007421875000000022
0 0.198828125 0.4814453125 0.007968750000000014 0.008203124999999978
0 0.17890625 0.5044921875 0.005937500000000017 0.005468749999999911
0 0.240078125 0.473046875 0.005156250000000018 0.007031250000000044
0 0.283515625 0.47216796875 0.00546875 0.007226562499999978
0 0.271875 0.49990234375 0.023125000000000017 0.004492187499999967
0 0.24109375000000002 0.49873046875000004 0.008750000000000036 0.0068359375000000555
0 0.200859375 0.503515625 0.005156250000000018 0.005859375
0 0.25265624999999997 0.48955078125 0.008124999999999983 0.006445312500000022
0 0.266640625 0.48994140625 0.008906249999999982 0.006054687500000044
