0 0.004390625 0.2646875 0.00878125 0.01830078125000001
0 0.02953125 0.35630859375 0.014984375000000003 0.02621093750000003
0 0.068265625 0.29224609375 0.0059843749999999975 0.009902343749999987
0 0.215390625 0.2997265625 0.00792187499999999 0.009902343749999987
0 0.405484375 0.351640625 0.011968749999999995 0.014277343750000004
0 0.41117187499999996 0.45224609375 0.005781250000000071 0.008007812500000044
0 0.426640625 0.45537109375 0.00703125 0.0087890625
0 0.436171875 0.45888671875 0.0048437500000000355 0.006054687500000044
0 0.53625 0.49814453125 0.013124999999999965 0.005664062499999956
0 0.56703125 0.47666015625 0.004062500000000036 0.006445312500000022
0 0.49710937499999996 0.474609375 0.004218750000000071 0.005078125000000044
