0 0.98275 0.54044921875 0.010046875000000099 0.009511718750000009
0 0.084640625 0.4530078125 0.008343750000000006 0.010429687499999951
0 0.156 0.3814453125 0.008984375 0.011777343749999947
0 0.16028125 0.4003125 0.005984375000000019 0.008828124999999964
0 0.1705625 0.39896484375 0.00770312500000001 0.01685546874999999
0 0.25006249999999997 0.4520703125 0.005343750000000025 0.008027343750000027
0 0.23454687500000002 0.4107421875 0.005984374999999975 0.008828124999999964
0 0.40659375000000003 0.43642578125 0.006421875000000021 0.008828124999999964
0 0.40796875000000005 0.49785156249999996 0.005312499999999965 0.007031249999999989
0 0.41429687499999995 0.498828125 0.004218750000000071 0.007421875000000022
0 0.388203125 0.53896484375 0.00390625 0.006054687500000044
0 0.3909375 0.5267578125 0.009687499999999983 0.008203125000000089
0 0.399375 0.53974609375 0.004999999999999982 0.005664062499999956
0 0.427578125 0.5404296875 0.00546875 0.006640624999999956
0 0.425625 0.52861328125 0.009375 0.0087890625
0 0.41312499999999996 0.53154296875 0.010312500000000035 0.006054687500000044
0 0.40132812500000004 0.52880859375 0.0073437500000000265 0.0107421875
0 0.4765625 0.5380859375 0.0171875 0.0078125
0 0.21184375000000003 0.45216796875 0.006234375000000014 0.009921874999999969
0 0.268796875 0.54412109375 0.03551562500000003 0.03896484375000009
0 0.511015625 0.5138671875 0.004218750000000071 0.007421874999999911
0 0.53359375 0.52822265625 0.005000000000000071 0.006445312499999911
0 0.292109375 0.462109375 0.004531249999999964 0.005468750000000022
0 0.25007812500000004 0.41787109375 0.0048437500000000355 0.005664062499999956
