0 0.03415625 0.45052734375 0.008187500000000004 0.011171875000000053
0 0.0666875 0.4602734375 0.019218749999999996 0.011171875000000053
0 0.094453125 0.44623046875 0.007421875 0.0087890625
0 0.08703125 0.47322265625 0.0062812499999999934 0.006660156250000049
0 0.11434375000000001 0.4274609375 0.014453125 0.0073632812499999645
0 0.127375 0.4438671875 0.00703125 0.006894531249999947
0 0.11271875 0.4067578125 0.006281250000000016 0.007851562499999964
0 0.139828125 0.41068359375 0.006843749999999993 0.014277343750000004
0 0.182421875 0.45224609375 0.00546875 0.008007812500000044
0 0.153046875 0.4392578125 0.004843749999999991 0.007421875000000022
0 0.224296875 0.41142578125 0.005156250000000018 0.007226562499999978
0 0.326484375 0.41396484375 0.004531249999999964 0.006054687500000044
0 0.7999374999999999 0.412890625 0.005390624999999982 0.007597656249999973
0 0.6227343750000001 0.428515625 0.00390625 0.007031250000000044
0 0.2128125 0.3361328125 0.005625000000000035 0.006249999999999978
