0 0.7115781250000001 0.51310546875 0.017812499999999964 0.032070312499999976
0 0.5098906249999999 0.5999609375 0.04346875000000008 0.024941406249999964
0 0.482109375 0.5106640625 0.016390625000000013 0.029843749999999947
0 0.597203125 0.44517578125 0.013546874999999936 0.00935546875000004
0 0.429203125 0.33619140625 0.04014062500000008 0.014980468750000031
0 0.469796875 0.33919921875 0.017031249999999963 0.007480468749999969
0 0.7326718750000001 0.48927734375 0.008500000000000086 0.029082031249999973
0 0.72446875 0.45451171875 0.011125000000000006 0.007578124999999991
0 0.746796875 0.39736328125 0.003593749999999929 0.0068359375
0 0.467421875 0.32998046875 0.005156249999999929 0.005273437499999978
