0 0.165609375 0.4987109375 0.006734375000000003 0.01310546874999996
0 0.20903125 0.516640625 0.039765624999999985 0.01236328125000008
0 0.251171875 0.51046875 0.0069218750000000105 0.014843750000000044
0 0.2758125 0.51689453125 0.023749999999999983 0.009394531249999893
0 0.282734375 0.49017578125 0.012265625000000035 0.010390624999999987
0 0.32021875 0.3979296875 0.0077187499999999964 0.012363281249999969
0 0.321515625 0.34759765625 0.008703124999999989 0.025976562500000022
0 0.447140625 0.2933203125 0.01146875000000005 0.00642578125000004
0 0.411046875 0.3306640625 0.008109375000000085 0.010878906249999987
0 0.49028124999999995 0.34439453125 0.009500000000000064 0.009160156249999996
0 0.66171875 0.4576171875 0.005000000000000071 0.006249999999999978
0 0.7419374999999999 0.55611328125 0.03920312500000005 0.008574218749999973
0 0.8612187499999999 0.462265625 0.005765625000000085 0.02132812500000003
0 0.393359375 0.471875 0.005781249999999983 0.019140625000000022
