1 0.10859375 0.63359375 0.20078125 0.31640625
1 0.3078125 0.62890625 0.18671875 0.321875
1 0.5046875 0.6515625 0.17578125 0.35546875
1 0.703125 0.63671875 0.19375 0.33203125
1 0.89296875 0.64765625 0.209375 0.34453125
1 0.11796875 0.41640625 0.16484375 0.09765625
1 0.2984375 0.42578125 0.1625 0.10390625
1 0.48828125 0.40625 0.16015625 0.103125
1 0.6828125 0.42421875 0.15234375 0.10390625
1 0.88515625 0.4359375 0.15078125 0.12265625
1 0.86484375 0.35703125 0.171875 0.09921875
1 0.7 0.353125 0.178125 0.084375
1 0.50234375 0.340625 0.1578125 0.06328125
1 0.328125 0.35 0.15703125 0.06953125
1 0.15390625 0.346875 0.17578125 0.05625
1 0.1640625 0.26875 0.18125 0.07421875
1 0.3078125 0.2703125 0.14140625 0.065625
1 0.5125 0.2703125 0.165625 0.06796875
1 0.67578125 0.2609375 0.14921875 0.05859375
1 0.84453125 0.25078125 0.13828125 0.06953125