1 0.1125 0.590625 0.16796875 0.3375
1 0.29140625 0.62734375 0.178125 0.34296875
1 0.4875 0.6234375 0.20234375 0.334375
1 0.68671875 0.625 0.1421875 0.31875
1 0.88984375 0.61640625 0.175 0.33125
1 0.0953125 0.38203125 0.12734375 0.08359375
1 0.2953125 0.39296875 0.16875 0.07265625
1 0.49453125 0.38359375 0.15859375 0.0921875
1 0.66328125 0.38046875 0.1734375 0.084375
1 0.87890625 0.3875 0.16015625 0.0640625
1 0.8625 0.29765625 0.14453125 0.06875
1 0.68046875 0.30234375 0.16015625 0.06640625
1 0.51796875 0.29609375 0.1265625 0.071875
1 0.33515625 0.315625 0.17734375 0.078125
1 0.1390625 0.30546875 0.140625 0.06640625
1 0.1546875 0.22421875 0.1390625 0.05625
1 0.33828125 0.24140625 0.1625 0.09296875
1 0.4921875 0.23046875 0.11015625 0.0546875
1 0.68046875 0.21875 0.16015625 0.06171875
1 0.84765625 0.221875 0.1546875 0.05859375