1 0.2734375 0.6234375 0.2828125 0.2203125
1 0.57421875 0.6515625 0.303125 0.21015625
1 0.55625 0.46953125 0.23828125 0.15
1 0.7890625 0.465625 0.25234375 0.1234375
1 0.8703125 0.64375 0.259375 0.24453125
1 0.76171875 0.36875 0.17109375 0.08125
1 0.56953125 0.36171875 0.15703125 0.0828125
1 0.38359375 0.3625 0.13359375 0.07734375
1 0.34453125 0.4484375 0.16875 0.09609375
1 0.1171875 0.4421875 0.18125 0.1234375
1 0.1921875 0.3453125 0.15390625 0.08125
1 0.2359375 0.28671875 0.1359375 0.08984375
1 0.3734375 0.3 0.11953125 0.05703125
1 0.52109375 0.296875 0.11953125 0.0453125
1 0.68046875 0.30390625 0.11640625 0.03828125
1 0.8578125 0.296875 0.125 0.0359375
1 0.9265625 0.3671875 0.13359375 0.06796875
1 0.96875 0.46875 0.0625 0.09375