1 0.57421875 0.309375 0.11640625 0.17265625
1 0.67265625 0.46171875 0.1921875 0.1484375
1 0.82265625 0.5234375 0.10546875 0.12265625
1 0.74765625 0.6703125 0.17265625 0.196875
1 0.546875 0.76796875 0.1 0.128125
1 0.44453125 0.7109375 0.10546875 0.15078125
1 0.2765625 0.7515625 0.14609375 0.10546875
1 0.17265625 0.640625 0.1296875 0.1296875
1 0.2171875 0.5359375 0.11953125 0.121875
1 0.32578125 0.6234375 0.125 0.12109375
1 0.36796875 0.4703125 0.20234375 0.175
1 0.56015625 0.59296875 0.1359375 0.13125