1 0.13359375 0.35 0.259375 0.128125
1 0.36640625 0.35234375 0.25390625 0.1171875
1 0.55859375 0.35390625 0.18984375 0.1234375
1 0.74140625 0.346875 0.165625 0.13203125
1 0.903125 0.3984375 0.14921875 0.215625
1 0.93046875 0.6078125 0.1390625 0.19453125
1 0.75234375 0.575 0.1640625 0.26328125
1 0.55703125 0.57890625 0.159375 0.2734375
1 0.36484375 0.4984375 0.26171875 0.0984375
1 0.35390625 0.6671875 0.23359375 0.1328125
1 0.11171875 0.65390625 0.2203125 0.12578125
1 0.12734375 0.50234375 0.2484375 0.12109375