1 0.309375 0.2546875 0.13515625 0.13671875
1 0.41328125 0.42421875 0.1421875 0.1671875
1 0.57265625 0.3890625 0.17265625 0.13515625
1 0.6328125 0.56875 0.15 0.17734375
1 0.57734375 0.66484375 0.115625 0.23671875
1 0.225 0.72265625 0.22734375 0.109375
1 0.2984375 0.8734375 0.1203125 0.21953125
1 0.38359375 0.71796875 0.13359375 0.2078125
1 0.29140625 0.540625 0.121875 0.15546875
1 0.24140625 0.43828125 0.12578125 0.12265625
1 0.13828125 0.53984375 0.184375 0.22890625
1 0.79609375 0.57578125 0.15 0.13046875
1 0.8625 0.34609375 0.15703125 0.20625
1 0.75546875 0.2046875 0.15703125 0.17421875
1 0.640625 0.25234375 0.16328125 0.190625
1 0.509375 0.19453125 0.17421875 0.1953125
1 0.115625 0.121875 0.1578125 0.10078125
1 0.134375 0.27578125 0.17421875 0.1546875
1 0.07265625 0.4078125 0.08203125 0.08359375
1 0.9671875 0.384375 0.065625 0.12578125
1 0.95625 0.5296875 0.0875 0.13515625
1 0.94453125 0.71640625 0.1109375 0.13671875
1 0.8359375 0.8390625 0.12734375 0.178125
1 0.859375 0.13515625 0.1109375 0.13671875
1 0.67421875 0.078125 0.13828125 0.07265625
1 0.38828125 0.1203125 0.1703125 0.11875