0 0.2125 0.1859375 0.22578125 0.18359375
0 0.41328125 0.18828125 0.1828125 0.2078125
0 0.1046875 0.334375 0.209375 0.19375
0 0.30625 0.34609375 0.23671875 0.23515625
0 0.5109375 0.3625 0.2171875 0.20546875
0 0.7296875 0.35 0.1921875 0.1796875
0 0.6109375 0.1828125 0.16796875 0.19375
0 0.8 0.18671875 0.19375 0.21640625
0 0.1921875 0.509375 0.21328125 0.2078125
0 0.4 0.52734375 0.20859375 0.21640625
0 0.63203125 0.5265625 0.21328125 0.22734375
0 0.83828125 0.5171875 0.19296875 0.21171875
0 0.27890625 0.715625 0.21640625 0.20859375
0 0.5078125 0.709375 0.23984375 0.2390625
0 0.74140625 0.70703125 0.21875 0.22265625
0 0.61015625 0.87265625 0.2609375 0.2546875
0 0.359375 0.8984375 0.23984375 0.203125
0 0.8703125 0.88828125 0.234375 0.2234375