2 0.77890625 0.69453125 0.4421875 0.5734375
2 0.55 0.26796875 0.084375 0.5359375
2 0.61640625 0.21015625 0.08671875 0.4140625
2 0.47265625 0.30625 0.07421875 0.565625
2 0.4421875 0.56640625 0.08203125 0.15234375
2 0.3359375 0.58984375 0.0953125 0.1578125
2 0.3609375 0.2703125 0.075 0.528125
2 0.41171875 0.2796875 0.0546875 0.49921875
2 0.29765625 0.2875 0.0609375 0.4890625
2 0.24921875 0.27890625 0.08671875 0.5375
2 0.17109375 0.29453125 0.09296875 0.5484375
2 0.10546875 0.2640625 0.059375 0.48203125
2 0.0390625 0.26484375 0.078125 0.52890625