1 0.38203125 0.18515625 0.134375 0.2671875
1 0.5234375 0.171875 0.14453125 0.23671875
1 0.65234375 0.175 0.1328125 0.2359375
1 0.2671875 0.409375 0.1453125 0.23046875
1 0.39765625 0.42421875 0.1203125 0.2578125
1 0.53515625 0.40390625 0.1296875 0.22734375
1 0.64140625 0.428125 0.12421875 0.246875
1 0.7703125 0.43515625 0.125 0.2703125
1 0.1765625 0.68046875 0.1390625 0.26171875
1 0.3484375 0.68984375 0.1140625 0.23515625
1 0.4625 0.78984375 0.2125 0.21484375
1 0.475 0.62421875 0.1265625 0.21328125
1 0.60390625 0.7125 0.13671875 0.31171875
1 0.8140625 0.71953125 0.19375 0.24453125