1 0.39296875 0.16796875 0.16796875 0.240625
1 0.52890625 0.175 0.13671875 0.26953125
1 0.66484375 0.1703125 0.14375 0.2640625
1 0.77265625 0.45078125 0.1359375 0.2703125
1 0.64921875 0.4296875 0.15234375 0.2265625
1 0.5171875 0.42890625 0.1234375 0.24765625
1 0.40859375 0.4171875 0.1640625 0.2265625
1 0.2703125 0.4390625 0.134375 0.2421875
1 0.203125 0.67109375 0.13359375 0.278125
1 0.32265625 0.66796875 0.10703125 0.24375
1 0.4828125 0.80234375 0.25234375 0.25
1 0.49609375 0.61875 0.13203125 0.16640625
1 0.6109375 0.69765625 0.11875 0.28125
1 0.7984375 0.7375 0.1484375 0.2703125