1 0.484375 0.3046875 0.17734375 0.20546875
1 0.4546875 0.4921875 0.18515625 0.196875
1 0.62265625 0.38359375 0.13046875 0.1796875
1 0.765625 0.3796875 0.225 0.20234375
1 0.79375 0.546875 0.17421875 0.1796875
1 0.71796875 0.746875 0.171875 0.209375
1 0.46640625 0.78359375 0.09296875 0.1125
1 0.35625 0.59375 0.1421875 0.14296875
1 0.15078125 0.68359375 0.1953125 0.18984375
1 0.2859375 0.7546875 0.17109375 0.18515625
1 0.27578125 0.4890625 0.17265625 0.16796875
1 0.15703125 0.33984375 0.178125 0.1171875
1 0.096875 0.51328125 0.18671875 0.13984375
1 0.7078125 0.24296875 0.178125 0.11015625
1 0.9328125 0.35234375 0.134375 0.2171875
1 0.9515625 0.55625 0.09453125 0.16953125
1 0.925 0.74921875 0.15 0.15078125
1 0.278125 0.23359375 0.13984375 0.12265625
1 0.31484375 0.334375 0.165625 0.13671875
1 0.10546875 0.21953125 0.165625 0.090625