2 0.1546875 0.4703125 0.1796875 0.13984375
2 0.13046875 0.62890625 0.19453125 0.20390625
2 0.3265625 0.65078125 0.2078125 0.1921875
2 0.27578125 0.50234375 0.1765625 0.1390625
2 0.3265625 0.4015625 0.12265625 0.13515625
2 0.465625 0.43125 0.1921875 0.13046875
2 0.65234375 0.55703125 0.20390625 0.228125
2 0.77109375 0.715625 0.17890625 0.13046875
2 0.84453125 0.55390625 0.19765625 0.1859375
2 0.95703125 0.5875 0.0859375 0.13671875
2 0.93515625 0.69375 0.09296875 0.1078125
2 0.80546875 0.4296875 0.11953125 0.1078125
2 0.78671875 0.34609375 0.08125 0.08203125
2 0.8640625 0.32890625 0.09296875 0.084375
2 0.95234375 0.3859375 0.0953125 0.11953125
2 0.0828125 0.33671875 0.13671875 0.10390625
2 0.2078125 0.3234375 0.1390625 0.12734375
1 0.4109375 0.32109375 0.14453125 0.1125