1 0.1 0.671875 0.18125 0.4046875
1 0.1515625 0.4390625 0.2171875 0.13671875
1 0.14921875 0.33203125 0.16796875 0.109375
1 0.3015625 0.64375 0.17265625 0.33671875
1 0.303125 0.4203125 0.17578125 0.10390625
1 0.32734375 0.34296875 0.18125 0.128125
1 0.4984375 0.64609375 0.196875 0.33984375
1 0.50234375 0.40546875 0.18984375 0.1109375
1 0.49375 0.325 0.14140625 0.08359375
1 0.49453125 0.26171875 0.1453125 0.0828125
1 0.7109375 0.63515625 0.1671875 0.34375
1 0.68203125 0.415625 0.18515625 0.11953125
1 0.68046875 0.3296875 0.1390625 0.08984375
1 0.67109375 0.25234375 0.15546875 0.0734375
1 0.8984375 0.6328125 0.196875 0.34375
1 0.88515625 0.41328125 0.16484375 0.08203125
1 0.8609375 0.334375 0.1734375 0.07109375
1 0.84921875 0.25 0.15703125 0.05859375