2 0.375 0.3609375 0.24375 0.19140625
2 0.50234375 0.47578125 0.23515625 0.2625
2 0.66796875 0.38984375 0.2328125 0.2359375
2 0.5453125 0.25234375 0.20234375 0.14140625
2 0.659375 0.128125 0.225 0.1203125
2 0.78203125 0.2625 0.2765625 0.209375
2 0.909375 0.16796875 0.18125 0.18046875
2 0.27265625 0.2296875 0.2140625 0.1453125
2 0.18984375 0.134375 0.2234375 0.10859375
2 0.425 0.128125 0.23359375 0.12578125
2 0.33359375 0.02890625 0.225 0.0578125
2 0.1046875 0.04140625 0.20546875 0.0796875
2 0.56875 0.040625 0.265625 0.08125
2 0.7953125 0.0375 0.23828125 0.07421875
2 0.95703125 0.0375 0.0859375 0.05859375