2 0.08359375 0.4671875 0.16640625 0.3390625
2 0.21015625 0.60234375 0.140625 0.23515625
2 0.28125 0.4984375 0.09140625 0.2453125
2 0.23671875 0.34765625 0.11171875 0.15625
2 0.38203125 0.284375 0.10078125 0.17109375
2 0.525 0.30859375 0.1328125 0.21875
2 0.43515625 0.415625 0.121875 0.14140625
2 0.42890625 0.5828125 0.12890625 0.19375
2 0.58984375 0.56640625 0.11015625 0.15859375
2 0.61640625 0.44921875 0.10546875 0.11171875
2 0.675 0.3078125 0.08515625 0.1890625
2 0.74609375 0.4515625 0.09609375 0.12109375
2 0.83828125 0.36328125 0.1140625 0.14453125
2 0.91328125 0.5421875 0.12890625 0.22421875
2 0.765625 0.5984375 0.09453125 0.1828125