1 0.1171875 0.3109375 0.234375 0.18359375
1 0.36171875 0.3046875 0.2515625 0.18203125
1 0.5609375 0.31484375 0.18515625 0.17265625
1 0.7453125 0.32265625 0.18359375 0.16875
1 0.9171875 0.353125 0.134375 0.22421875
1 0.7609375 0.53359375 0.1671875 0.27265625
1 0.92421875 0.58203125 0.14921875 0.246875
1 0.55625 0.53359375 0.17265625 0.278125
1 0.35625 0.4671875 0.2125 0.14921875
1 0.36328125 0.61328125 0.21484375 0.146875
1 0.1203125 0.62265625 0.23359375 0.1625
1 0.12265625 0.4734375 0.22890625 0.15703125