0 0.046875 0.6625 0.09375 0.3125
0 0.159375 0.66953125 0.15703125 0.25078125
0 0.171875 0.46796875 0.10234375 0.17421875
0 0.33125 0.74140625 0.1015625 0.14140625
0 0.265625 0.63203125 0.08203125 0.28046875
0 0.278125 0.3921875 0.14921875 0.25078125
0 0.42421875 0.65546875 0.1046875 0.28046875
0 0.4 0.37578125 0.115625 0.284375
0 0.48359375 0.4375 0.115625 0.17421875
0 0.534375 0.36953125 0.11015625 0.2390625
0 0.628125 0.36796875 0.13125 0.2234375
0 0.76328125 0.63984375 0.084375 0.28671875
0 0.8015625 0.396875 0.1109375 0.21953125
0 0.94140625 0.5984375 0.11171875 0.32421875